3500	pinduoduo	15	3	6400	1.1	1	zcgce15760ahm143	20190103
3501	lv	5	0	7900	1.2	2	axfwd14739mwx177	20190103
3502	jd	5	0	1100	2.2	2	fyzfa15005gxf194	20190103
3503	apple	5	0	7300	1.2	1	hhhaw14165eaw141	20190103
3504	maotai	5	0	1600	2.2	1	xfcdf15299zad180	20190103
3505	baojie	15	6	7900	2.2	1	dcdfy15231ycd157	20190103
3506	huawei	15	6	7700	2.1	2	zhamg14139cdd117	20190103
3507	baojie	15	3	8700	1.2	1	zfyfg15466xfc195	20190103
3508	pinduoduo	5	0	1200	5.1	1	ywgad15080cgh156	20190103
3509	apple	15	6	3000	1.1	2	xwmmh14299wxh167	20190103
3510	huawei	15	2	2600	2.2	1	yehwc15043wae142	20190103
3511	huawei	15	6	4500	1.1	1	yfead14594feh142	20190103
3512	baojie	5	0	4500	2.1	1	wzaah14944fay123	20190103
3513	chanel	5	0	4200	2.1	1	mzzmf14110aza186	20190103
3514	jd	15	5	4500	2.2	1	fhfcz15354xfd177	20190103
3515	maotai	5	0	2600	3.1	1	ehhwh13896hfm194	20190103
3516	maotai	5	0	8200	2.2	1	eefed14942ezz194	20190103
3517	maotai	5	0	1600	5.1	1	myafz15351yzz123	20190103
3518	microsoft	5	0	7900	1.1	1	mwezm15560mch133	20190103
3519	microsoft	5	0	7700	1.1	2	eyefh15146egg127	20190103
3520	lv	15	2	7700	1.1	1	wczcx15388cdh154	20190103
3521	lv	5	0	2900	6.1	1	fmfmw15466mwa188	20190103
3522	xiaomi	15	6	4500	1.1	1	mmmfh14796myc124	20190103
3523	apple	15	1	6100	2.2	1	cewmd15478ayg154	20190103
3524	microsoft	15	2	3900	2.2	1	xhezy14218mxa190	20190103
3525	lv	5	0	3000	1.2	1	mgmfa15192dax127	20190103
3526	huawei	15	3	7700	2.2	2	xhcam14743fxa160	20190103
3527	pinduoduo	15	2	6500	1.2	2	egaem14421dye172	20190103
3528	lv	5	0	8500	6.1	1	yemea15433wwz155	20190103
3529	chanel	15	5	3000	1.1	2	adzac14294fff138	20190103
3530	pinduoduo	15	6	9200	1.2	1	xedxy15775zza153	20190103
3531	jd	15	1	3900	2.1	2	gmgew15302xaz170	20190103
3532	jd	15	1	8800	2.2	2	egcxd14951gmg142	20190103
3533	lv	15	3	8700	1.1	1	ewwaz14416xyc157	20190103
3534	huawei	15	3	6400	1.2	2	ahagw13917cdz130	20190103
3535	apple	15	5	1600	1.2	1	chzfd15437eaz160	20190103
3536	huawei	5	0	0000	2.1	2	mcywc14699fgy182	20190103
3537	jd	15	4	7700	2.1	2	xcfem15681hfz167	20190103
3538	microsoft	5	0	6400	5.1	2	zxdmm15803ggd121	20190103
3539	pinduoduo	5	0	0000	6.1	1	hzhae14017gdx120	20190103
3540	pinduoduo	15	5	8800	1.1	2	xgzyg13868wac168	20190103
3541	jd	15	5	6500	2.2	1	fcmew14836dfx120	20190103
3542	pinduoduo	15	5	9100	1.2	1	emaex14825hym119	20190103
3543	jd	5	0	7900	1.1	1	wfdee13842mzg160	20190103
3544	maotai	15	5	3900	2.1	1	gayym15037xyz148	20190103
3545	pinduoduo	5	0	2200	1.2	2	cyzmx13883zgh124	20190103
3546	pinduoduo	5	0	1200	2.2	1	mwwgh15507gmf129	20190103
3547	microsoft	5	0	7000	1.2	2	azdhf15776xcg173	20190103
3548	pinduoduo	5	0	9200	1.2	2	adfzh15089xxz160	20190103
3549	apple	15	3	4500	1.1	2	zdafa14077xhe188	20190103
3550	lv	15	6	3300	2.2	1	zgxae14240ffm157	20190103
3551	xiaomi	5	0	8200	1.2	2	hygyc15035cgf139	20190103
3552	xiaomi	15	5	6500	1.2	1	yafhe15831cwm182	20190103
3553	maotai	15	2	5500	2.1	1	ghggm13963fah140	20190103
3554	xiaomi	5	0	2400	2.1	1	gmxea13848afc182	20190103
3555	chanel	15	1	8200	2.2	1	eggcz14208mcf191	20190103
3556	chanel	5	0	8700	1.2	1	dmfdx15245mag125	20190103
3557	huawei	5	0	4900	3.1	2	hccca14079ayc121	20190103
3558	chanel	15	1	8700	2.1	2	yyhxz14898fmz194	20190103
3559	microsoft	5	0	0000	2.1	1	geaad13893gcx184	20190103
3560	jd	15	1	6400	2.2	1	cwcmw14360dxw123	20190103
3561	huawei	5	0	4200	2.2	2	camez15549axw141	20190103
3562	maotai	5	0	9200	1.1	1	ezhaa15557gfe117	20190103
3563	apple	15	6	2600	2.1	1	hdgax15302amx132	20190103
3564	pinduoduo	15	5	5500	2.1	2	gxdmh13932gww142	20190103
3565	huawei	5	0	9000	2.2	2	zgyax14648xhd167	20190103
3566	apple	5	0	7900	2.1	2	xxegf15400mff118	20190103
3567	baojie	15	6	1200	2.2	1	wfadw13910zxd171	20190103
3568	pinduoduo	15	3	9000	2.2	2	afega14384adz179	20190103
3569	baojie	5	0	5500	2.1	1	wdafg14645cch128	20190103
3570	maotai	5	0	6400	5.1	1	yfxmh14392gay145	20190103
3571	jd	15	2	6500	2.2	1	mezwh14602exc150	20190103
3572	baojie	5	0	2400	6.1	1	wdwzf15754xwf191	20190103
3573	xiaomi	15	4	2900	2.1	1	yzwxa15209cdw147	20190103
3574	apple	5	0	9200	2.1	2	ehffm15331add175	20190103
3575	xiaomi	15	3	9200	1.2	1	medwd14506mym187	20190103
3576	chanel	15	3	8200	2.2	1	xwzye15618zam187	20190103
3577	lv	15	1	1200	1.1	1	wzmzw14493yha165	20190103
3578	lv	5	0	1600	5.1	1	femhc15648wcg173	20190103
3579	apple	5	0	1000	2.1	2	dmhfh14707zcy174	20190103
3580	baojie	15	3	3600	2.1	1	fhgfm15525fmc186	20190103
3581	jd	15	6	1600	1.2	2	dcggg13805eme162	20190103
3582	lv	5	0	8700	3.1	1	azxzd14579fxe153	20190103
3583	maotai	5	0	7900	2.2	1	gxxac15718cfm143	20190103
3584	apple	5	0	4200	2.2	1	xezhz14919gcc119	20190103
3585	maotai	15	6	7900	2.1	2	ymdyx15469hgg133	20190103
3586	jd	15	6	2600	1.2	1	fzyca13901cxa132	20190103
3587	jd	5	0	2900	6.1	1	ydfgd14820yaf175	20190103
3588	huawei	15	6	6500	2.1	1	mmcyc15578eyh193	20190103
3589	huawei	5	0	1100	6.1	1	yamhm14370zem188	20190103
3590	huawei	5	0	7700	2.2	1	mayhc15325fcf138	20190103
3591	maotai	5	0	4500	3.1	2	hzwag13906xex157	20190103
3592	pinduoduo	5	0	9100	2.2	2	afhca15773axh186	20190103
3593	chanel	15	3	9100	2.1	2	xyehw14120fxf135	20190103
3594	baojie	5	0	6500	1.2	2	gagag15088wyd190	20190103
3595	chanel	15	1	9100	2.1	1	meaxc14985mhd170	20190103
3596	microsoft	15	4	4900	2.2	1	hmcmx15017wwf190	20190103
3597	huawei	5	0	7700	2.2	2	gxedm14795zfd126	20190103
3598	chanel	5	0	9100	1.1	1	emgaz15203cfe126	20190103
3599	huawei	5	0	4900	2.2	2	zdmxh15263wfe141	20190103
3600	jd	15	2	5200	2.1	1	yydhm14641amw178	20190103
3601	baojie	15	6	2900	2.2	2	zexhz14710dag190	20190103
3602	lv	15	4	5800	1.1	1	dfeec13930ehe189	20190103
3603	chanel	15	2	1900	1.2	1	cydfg14156xea169	20190103
3604	microsoft	5	0	9200	6.1	1	geydg15742mzx176	20190103
3605	baojie	5	0	6500	4.1	1	cwmdf14571yhx167	20190103
3606	microsoft	5	0	2200	1.1	1	hhehe15519hgf128	20190103
3607	chanel	15	6	6500	1.1	1	yxxyw14473zzg172	20190103
3608	pinduoduo	15	5	6500	2.2	1	cemcf14367cmm189	20190103
3609	xiaomi	15	6	5500	1.2	1	fgehw13982afw195	20190103
3610	baojie	5	0	2900	5.1	1	ggmhw15051gwc120	20190103
3611	jd	15	2	7300	1.1	1	zyega14328gax175	20190103
3612	lv	15	4	8700	2.1	2	yfdee15279hfh160	20190103
3613	jd	15	4	7700	2.1	1	azmag15810hca173	20190103
3614	pinduoduo	15	6	1000	1.2	1	efawc15005xah177	20190103
3615	apple	15	6	1100	1.2	1	ymmdg13848hfe167	20190103
3616	huawei	15	4	3900	1.1	2	fzfhe15070zey126	20190103
3617	maotai	15	6	8700	1.1	1	dmfdw14700gyz147	20190103
3618	jd	15	6	8500	2.2	1	fawfd14839gzg138	20190103
3619	maotai	5	0	3300	5.1	1	eyzde15222fhc138	20190103
3620	xiaomi	15	6	8700	2.2	2	fegxw15603ezw137	20190103
3621	apple	5	0	3000	4.1	1	zhdwy13906mxe194	20190103
3622	lv	15	3	4900	1.1	2	ahffx13938cfa193	20190103
3623	chanel	15	2	8800	2.1	1	azcex14888gye136	20190103
3624	apple	5	0	6400	4.1	1	yyyyy15009dcg129	20190103
3625	apple	15	6	1200	1.1	2	yfdmz15394dfg117	20190103
3626	maotai	5	0	2200	2.1	1	cfcfm14729cfz128	20190103
3627	huawei	5	0	1600	5.1	1	yhezx14011ema159	20190103
3628	jd	15	5	9200	2.2	1	meymx14053wmg176	20190103
3629	maotai	5	0	8500	2.2	1	eadfc13824fdf167	20190103
3630	chanel	5	0	5200	2.1	2	edgzd14746yhg149	20190103
3631	pinduoduo	15	6	7900	1.2	1	ezmwz15571zyf166	20190103
3632	maotai	15	3	5500	2.2	1	fdmzy14622fhd151	20190103
3633	microsoft	5	0	1000	2.2	1	gcgyz15807hfm177	20190103
3634	xiaomi	15	5	6100	1.2	1	zycah14770wdz118	20190103
3635	lv	5	0	6400	3.1	1	cahem15196hxe179	20190103
3636	pinduoduo	15	5	1900	1.2	1	eafhc13976zca177	20190103
3637	microsoft	5	0	8700	1.1	2	wgfza13860zdf191	20190103
3638	jd	15	5	1100	1.1	1	ezeme14454wzx163	20190103
3639	apple	5	0	3900	1.1	1	ffhye14979fgz187	20190103
3640	microsoft	15	4	2200	1.2	1	mddah14845mga149	20190103
3641	maotai	5	0	1000	1.2	1	axagf15202fwf168	20190103
3642	microsoft	15	6	8500	2.1	1	yyegg14384fza129	20190103
3643	apple	15	1	6500	2.1	1	cmzhy14412yhh189	20190103
3644	maotai	15	5	9000	1.2	2	dgxgx14558wca164	20190103
3645	baojie	15	6	8800	1.1	1	mxdzh14268ecg190	20190103
3646	pinduoduo	15	1	8700	1.1	2	wfxcm14373mzw123	20190103
3647	apple	15	1	0000	2.1	1	ezgmz14857xmd119	20190103
3648	huawei	15	3	3000	1.1	1	fzyax15029cfg155	20190103
3649	xiaomi	15	3	7700	1.2	1	aezeg15104gcc138	20190103
3650	huawei	5	0	1100	6.1	1	wdczh15660efg155	20190103
3651	baojie	15	2	8500	2.2	2	aayhc15283mdz172	20190103
3652	xiaomi	5	0	7300	5.1	2	gcecz15637ghg126	20190103
3653	microsoft	15	1	4500	1.1	1	cmcmw14367zcm195	20190103
3654	huawei	5	0	1600	2.1	1	yfgwf14534wwg124	20190103
3655	microsoft	5	0	6500	1.2	1	dfaxc14419gdd156	20190103
3656	chanel	15	1	2600	1.1	1	dcxfa15244ydy155	20190103
3657	chanel	5	0	7000	6.1	2	aeyzy14365emc158	20190103
3658	apple	5	0	9100	4.1	1	zzacx14232yxm181	20190103
3659	huawei	5	0	3300	2.2	2	hehcx14610fhg140	20190103
3660	huawei	15	1	8800	2.2	1	zfzye13900gyf171	20190103
3661	baojie	5	0	1600	4.1	1	ezdyz14880exd151	20190103
3662	huawei	5	0	6400	4.1	1	hmhcc15201zyx189	20190103
3663	xiaomi	15	1	5500	2.1	1	fezcc14602fwg158	20190103
3664	huawei	5	0	0000	1.2	1	gcefz14697hme160	20190103
3665	apple	15	6	8800	2.1	1	hcymx14962whh177	20190103
3666	baojie	15	1	2400	1.1	1	yzmyz14585hyh168	20190103
3667	lv	15	5	1600	1.1	2	dyffy14906azm133	20190103
3668	jd	15	6	7000	1.2	1	gzeyh13794xda153	20190103
3669	pinduoduo	15	6	3300	1.1	1	ywycx15547gec145	20190103
3670	microsoft	15	5	1000	1.2	1	fxzww14845cwd171	20190103
3671	chanel	5	0	7300	3.1	2	mecaw15077dxe174	20190103
3672	chanel	15	4	8500	2.2	1	gmfzh14677fwy153	20190103
3673	chanel	15	6	4200	1.2	1	wxdem14975xwx137	20190103
3674	maotai	5	0	4500	1.1	1	yyczw15569cea189	20190103
3675	apple	15	2	7300	2.2	1	fdmfx15149eew142	20190103
3676	jd	5	0	5500	2.1	2	xhxge15732zyf141	20190103
3677	pinduoduo	5	0	5500	2.2	1	wgmgw14864czd158	20190103
3678	huawei	15	5	2600	2.2	2	waefm13951haz128	20190103
3679	chanel	5	0	0000	1.1	2	meymx14053wmg176	20190103
3680	lv	15	4	3600	2.2	2	gcaaa14686edd166	20190103
3681	xiaomi	15	2	9000	1.2	2	gxxac15718cfm143	20190103
3682	pinduoduo	5	0	3600	5.1	2	ahfdx15160cgz122	20190103
3683	baojie	15	1	8500	2.1	1	gydyz13929dff127	20190103
3684	jd	5	0	7700	5.1	1	hgyyw15404xag175	20190103
3685	microsoft	15	6	4500	2.1	1	yyegg14384fza129	20190103
3686	microsoft	15	5	8800	1.2	2	mchzy14177efd177	20190103
3687	apple	5	0	8200	5.1	1	yamhm14370zem188	20190103
3688	chanel	15	5	6400	2.1	1	zaydz14953wdc146	20190103
3689	jd	5	0	8500	6.1	2	zhyhd14175zcx131	20190103
3690	maotai	5	0	5200	2.1	1	cdyzm13892yec164	20190103
3691	apple	15	3	9100	2.1	1	zfzye13900gyf171	20190103
3692	chanel	5	0	1200	5.1	2	cwawd14617xdx139	20190103
3693	jd	5	0	8800	5.1	1	femhc15648wcg173	20190103
3694	baojie	15	1	7000	2.2	1	zcaah14356xyf139	20190103
3695	microsoft	15	6	9100	1.2	2	hxadm14667xgc147	20190103
3696	apple	5	0	6500	5.1	1	agdzh14294ffy163	20190103
3697	chanel	5	0	1000	6.1	1	hccca14079ayc121	20190103
3698	maotai	5	0	9100	2.1	2	wwzdm14028eem126	20190103
3699	chanel	5	0	2200	5.1	1	fawfd14839gzg138	20190103
3700	jd	15	2	9100	2.1	1	zgehd14165xmm126	20190103
3701	apple	5	0	8200	2.2	1	gfmyy15399dcm181	20190103
3702	jd	5	0	4900	1.1	2	yxxme14718dzy154	20190103
3703	xiaomi	15	3	2900	1.2	1	ezdyz14880exd151	20190103
3704	chanel	5	0	6400	3.1	1	eawyc14849hdz179	20190103
3705	baojie	15	3	8500	1.2	1	wzaah14944fay123	20190103
3706	lv	5	0	3300	2.1	1	zfmaa15649aeg136	20190103
3707	maotai	15	4	5800	2.1	1	xcyam15396aex148	20190103
3708	lv	5	0	1000	5.1	1	ehmge15617ffg166	20190103
3709	apple	15	3	7300	1.2	2	cfcfm14729cfz128	20190103
3710	pinduoduo	5	0	6500	1.2	1	ahwmy14960czy137	20190103
3711	lv	5	0	9000	5.1	1	mwwgh15507gmf129	20190103
3712	apple	5	0	4900	2.2	2	eawyc14849hdz179	20190103
3713	xiaomi	15	2	5200	2.1	1	cwzee14140wze162	20190103
3714	maotai	5	0	1200	2.2	1	zdcay14283gyw186	20190103
3715	pinduoduo	15	1	6500	1.1	1	fcmew14836dfx120	20190103
3716	maotai	5	0	3000	3.1	1	zmmxe14195yaa139	20190103
3717	lv	15	4	8500	2.1	1	adzac14294fff138	20190103
3718	huawei	15	6	3900	2.2	2	yzhhh15064ccf136	20190103
3719	huawei	15	2	5500	2.1	2	wagdc15522zaz186	20190103
3720	apple	5	0	0000	2.2	1	hzhaa14313awe150	20190103
3721	jd	5	0	1200	5.1	1	wxdem14975xwx137	20190103
3722	lv	5	0	5800	2.2	1	hhwyz15305dxe186	20190103
3723	chanel	5	0	1100	4.1	1	zgyax14648xhd167	20190103
3724	microsoft	5	0	7000	6.1	2	cdwzy14325zhd186	20190103
3725	pinduoduo	15	5	7900	2.1	1	chfcd15281azx176	20190103
3726	chanel	5	0	2200	3.1	1	cfewd15597acy124	20190103
3727	lv	5	0	8800	2.2	1	zhdwy13906mxe194	20190103
3728	huawei	5	0	6400	3.1	2	ehmge15617ffg166	20190103
3729	lv	5	0	9000	5.1	1	mcywc14699fgy182	20190103
3730	apple	15	5	4500	1.1	1	zgcze14674afc161	20190103
3731	maotai	5	0	1200	6.1	2	mmehf14331zwd138	20190103
3732	microsoft	15	2	3600	2.1	2	zmmxe14195yaa139	20190103
3733	apple	5	0	5500	2.2	1	wczcx15388cdh154	20190103
3734	huawei	5	0	5200	2.2	1	aaaac15759fdy189	20190103
3735	pinduoduo	15	6	5800	1.2	1	zyega14328gax175	20190103
3736	apple	5	0	7300	2.2	1	dzeaz15490emm162	20190103
3737	apple	15	5	7900	1.1	2	zfcgc14475ydd183	20190103
3738	apple	15	1	9000	1.1	1	ezadg13934dyx117	20190103
3739	microsoft	15	2	2600	1.1	1	fdmzy14622fhd151	20190103
3740	baojie	15	2	1000	1.2	1	fmcyc15279gde178	20190103
3741	jd	5	0	1000	6.1	1	zdmxh15263wfe141	20190103
3742	microsoft	5	0	3000	5.1	2	dcgwa15297yxd143	20190103
3743	apple	5	0	6100	3.1	1	aywde14550feg131	20190103
3744	microsoft	5	0	5200	2.1	1	xahza14508agy178	20190103
3745	lv	15	6	3000	1.2	1	cewmd15478ayg154	20190103
3746	baojie	5	0	3300	4.1	1	cdcyy15516ecx165	20190103
3747	apple	15	3	1900	2.1	2	ffhye14979fgz187	20190103
3748	chanel	5	0	7700	2.2	2	yezem14423gxa142	20190103
3749	apple	5	0	9100	1.2	2	fhmmw14608hhy167	20190103
3750	chanel	15	3	0000	2.2	2	wdwyx15788ywm130	20190103
3751	maotai	5	0	3600	1.1	1	hcymx14962whh177	20190103
3752	pinduoduo	15	3	5200	1.2	2	dxmxy14224dew193	20190103
3753	jd	5	0	2900	3.1	1	ghggm13963fah140	20190103
3754	microsoft	5	0	8800	1.1	1	cfewd15597acy124	20190103
3755	microsoft	5	0	8800	4.1	1	cywcd14199exd194	20190103
3756	baojie	15	6	5500	1.2	1	dcfhy15484mec158	20190103
3757	baojie	5	0	3600	1.1	1	hzwag13906xex157	20190103
3758	lv	5	0	8700	4.1	1	zgehd14165xmm126	20190103
3759	xiaomi	15	2	1200	2.2	2	zfzye13900gyf171	20190103
3760	huawei	15	2	8800	2.2	1	mcymw14321amm163	20190103
3761	apple	5	0	9200	4.1	2	wxmec13823dzz177	20190103
3762	pinduoduo	15	3	5200	1.1	2	ehdmz14565gyg150	20190103
3763	xiaomi	5	0	7700	4.1	1	dyffy14906azm133	20190103
3764	lv	15	6	5800	2.1	1	yyywm14475hmw154	20190103
3765	chanel	15	1	5200	1.2	1	dcxfa15244ydy155	20190103
3766	pinduoduo	5	0	6500	1.2	1	wwywz14687ayw122	20190103
3767	apple	5	0	5500	1.2	1	gwewc14064xew166	20190103
3768	baojie	5	0	7900	5.1	1	waayh15460dxz126	20190103
3769	maotai	15	3	5200	1.1	1	gzeyh13794xda153	20190103
3770	huawei	15	1	3300	2.2	1	yezem14423gxa142	20190103
3771	lv	15	5	4500	2.1	2	yyhxz14898fmz194	20190103
3772	apple	15	6	2600	1.2	1	wacgm15479xxc160	20190103
3773	jd	15	3	2900	1.1	1	xzmhz14093yxh166	20190103
3774	jd	15	1	9200	1.2	1	gcmdc15103hza156	20190103
3775	apple	15	6	1600	2.1	2	fezcc14602fwg158	20190103
3776	chanel	5	0	7700	2.1	1	ezadg13934dyx117	20190103
3777	chanel	15	6	4200	2.1	1	femhc15648wcg173	20190103
3778	apple	5	0	1600	2.2	1	mfdxm14736dyx125	20190103
3779	apple	5	0	3900	2.1	2	xffhd15798mhg189	20190103
3780	apple	5	0	1000	6.1	1	cexcf15521mgx171	20190103
3781	xiaomi	5	0	2200	6.1	1	zdafa14077xhe188	20190103
3782	maotai	5	0	5500	5.1	1	dcgwa15297yxd143	20190103
3783	maotai	15	5	7900	1.2	2	zfyfg15466xfc195	20190103
3784	huawei	15	2	6500	1.2	1	ahgcx13839gdw123	20190103
3785	lv	15	3	7700	1.1	1	xeyfg14399fwx179	20190103
3786	huawei	15	3	2900	2.2	1	zgehd14165xmm126	20190103
3787	baojie	5	0	5500	5.1	1	hzhae14017gdx120	20190103
3788	jd	15	2	9200	2.2	2	cfzmf14832eea185	20190103
3789	microsoft	5	0	6500	1.2	1	emgaz15203cfe126	20190103
3790	pinduoduo	5	0	7000	1.1	1	xfecy15280zdc167	20190103
3791	baojie	5	0	6500	2.1	1	awmdh15815yfm127	20190103
3792	jd	15	2	4200	2.1	1	ezadg13934dyx117	20190103
3793	chanel	5	0	6500	3.1	2	ezhaa15557gfe117	20190103
3794	pinduoduo	15	2	1100	1.2	1	xyfyz14347zxf150	20190103
3795	huawei	5	0	8200	1.1	1	yyczw15569cea189	20190103
3796	lv	5	0	6500	2.2	1	waayh15460dxz126	20190103
3797	maotai	15	4	8800	1.1	1	gydyz13929dff127	20190103
3798	lv	15	4	2200	1.2	1	wdxmf14312mgc164	20190103
3799	microsoft	5	0	8800	3.1	1	wczcx15388cdh154	20190103
3800	pinduoduo	15	3	7300	1.1	2	whyfe15297hfw176	20190103
3801	jd	15	4	6400	2.1	1	zhdwy13906mxe194	20190103
3802	chanel	5	0	3300	6.1	2	ahwmy14960czy137	20190103
3803	microsoft	15	3	2900	2.1	1	wcfff15642ymz121	20190103
3804	microsoft	5	0	7300	2.2	2	yxxme14718dzy154	20190103
3805	maotai	15	3	2200	2.1	1	cmzhy14412yhh189	20190103
3806	baojie	5	0	6400	4.1	1	afdyy15699xfd140	20190103
3807	pinduoduo	5	0	7700	1.2	1	wxdem14975xwx137	20190103
3808	xiaomi	5	0	1000	4.1	1	zgcze14674afc161	20190103
3809	xiaomi	15	1	5200	2.2	2	agzmy15500hmc128	20190103
3810	maotai	15	1	9000	1.1	1	cfzmf14832eea185	20190103
3811	pinduoduo	15	3	9200	1.1	2	fmfmw15466mwa188	20190103
3812	chanel	15	5	9100	1.2	2	gazwc15044gmx178	20190103
3813	jd	15	6	1600	1.2	1	hdgax15302amx132	20190103
3814	microsoft	5	0	4900	6.1	1	dyayg14002axf130	20190103
3815	chanel	5	0	3000	2.2	1	gzmhh14450gdd133	20190103
3816	lv	5	0	7300	2.2	1	ehmge15617ffg166	20190103
3817	baojie	5	0	4500	6.1	1	zcgce15760ahm143	20190103
3818	apple	15	3	5800	2.2	2	hxmdz14570way192	20190103
3819	pinduoduo	15	5	3000	1.1	2	hehcx14610fhg140	20190103
3820	baojie	5	0	6400	2.1	2	ehdmz14565gyg150	20190103
3821	chanel	15	5	8700	2.1	2	wmadc15275wcy186	20190103
3822	jd	15	6	2600	2.2	1	eawyc14849hdz179	20190103
3823	maotai	5	0	3000	2.1	2	fawfd14839gzg138	20190103
3824	chanel	15	5	7300	2.1	1	fgyff15794fch148	20190103
3825	apple	15	5	5500	1.2	2	dcdfy15231ycd157	20190103
3826	pinduoduo	15	2	7300	2.2	2	aaade15247hfd145	20190103
3827	lv	5	0	6500	6.1	1	fyhmd15090ywg155	20190103
3828	huawei	5	0	6400	3.1	2	wwywz14687ayw122	20190103
3829	baojie	5	0	2400	4.1	2	xxegf15400mff118	20190103
3830	jd	15	5	1600	1.2	1	dgezf14954zxy139	20190103
3831	jd	15	3	5500	2.2	1	fawfd14839gzg138	20190103
3832	pinduoduo	5	0	1000	6.1	1	xwmmg14227mxd180	20190103
3833	baojie	15	5	5500	1.1	1	ehxaa14446wag172	20190103
3834	xiaomi	15	6	4200	1.2	1	awaze15666dxz122	20190103
3835	jd	15	6	8200	1.1	2	eyefh15146egg127	20190103
3836	chanel	15	1	7000	2.1	1	hhama14411mfx120	20190103
3837	xiaomi	5	0	7900	6.1	1	wfxcm14373mzw123	20190103
3838	microsoft	15	2	0000	1.2	1	ezadg13934dyx117	20190103
3839	maotai	5	0	2200	3.1	1	czzfy14497aca190	20190103
3840	apple	15	1	3000	2.2	1	xwmmg14227mxd180	20190103
3841	pinduoduo	5	0	3900	1.2	1	xxegf15400mff118	20190103
3842	microsoft	5	0	1600	5.1	2	mxwaz14561gwz149	20190103
3843	huawei	15	3	3900	2.2	1	aeyzy14365emc158	20190103
3844	maotai	15	6	8800	1.2	1	wwzdm14028eem126	20190103
3845	microsoft	5	0	6500	1.1	2	mycge14785mfz131	20190103
3846	xiaomi	5	0	8800	3.1	2	gfawz14258fhe158	20190103
3847	maotai	5	0	0000	2.1	1	zxdmm15803ggd121	20190103
3848	huawei	5	0	2400	2.1	1	hyfdf14719acf121	20190103
3849	baojie	15	3	6500	1.1	1	wczcx15388cdh154	20190103
3850	jd	15	1	8500	1.1	2	xcaza14490ygd132	20190103
3851	pinduoduo	5	0	3900	2.1	1	xhffm14986fxa133	20190103
3852	chanel	5	0	1600	4.1	1	fmwmd13816amg180	20190103
3853	apple	5	0	8700	4.1	1	axfwd14739mwx177	20190103
3854	chanel	15	2	8800	1.2	1	gcaaa14686edd166	20190103
3855	pinduoduo	15	3	3600	2.1	1	fdmfx15149eew142	20190103
3856	huawei	15	1	7000	1.1	1	wwzdm14028eem126	20190103
3857	chanel	5	0	0000	1.2	2	aeyfa14067dzg164	20190103
3858	baojie	5	0	0000	4.1	2	wwzdm14028eem126	20190103
3859	microsoft	5	0	3600	2.2	1	azcex14888gye136	20190103
3860	huawei	15	2	6500	2.2	2	dcgwa15297yxd143	20190103
3861	pinduoduo	5	0	5200	1.2	2	ezgmz14857xmd119	20190103
3862	pinduoduo	15	5	2600	2.2	2	hwcwa14121gzg179	20190103
3863	chanel	5	0	7900	2.1	2	dhmfe15567yey122	20190103
3864	jd	5	0	3000	5.1	1	aefcd14877hfy173	20190103
3865	chanel	15	1	8200	2.2	1	mcywc14699fgy182	20190103
3866	huawei	5	0	2400	2.1	2	xyfyz14347zxf150	20190103
3867	maotai	15	4	1200	2.2	2	ywgad15080cgh156	20190103
3868	maotai	5	0	8200	1.1	2	awaze15666dxz122	20190103
3869	apple	5	0	6400	1.2	1	gymcg14203xme122	20190103
3870	baojie	15	3	1900	2.1	1	cdcyy15516ecx165	20190103
3871	microsoft	15	1	3000	2.2	2	gxdmh13932gww142	20190103
3872	huawei	15	3	6500	2.2	2	mxwaz14561gwz149	20190103
3873	chanel	5	0	9200	1.1	1	fdmfx15149eew142	20190103
3874	lv	5	0	4200	3.1	1	zgehd14165xmm126	20190103
3875	microsoft	15	5	5800	1.2	1	eahmm14662ffe124	20190103
3876	pinduoduo	15	2	1200	1.2	1	zedgw14620ccx129	20190103
3877	jd	5	0	1900	1.2	1	fcmew14836dfx120	20190103
3878	huawei	5	0	7700	6.1	1	xchhg13898wmm163	20190103
3879	xiaomi	5	0	4500	1.2	2	gxxac15718cfm143	20190103
3880	baojie	5	0	1200	5.1	1	dzeaz15490emm162	20190103
3881	maotai	5	0	8200	2.2	1	yaezf14058fwz183	20190103
3882	lv	15	5	0000	1.2	1	wgyed14822dfd179	20190103
3883	microsoft	15	6	7900	2.2	1	meaxc14985mhd170	20190103
3884	huawei	15	4	3300	2.2	1	eagca15094hca118	20190103
3885	pinduoduo	15	3	4500	2.2	1	adfzh15089xxz160	20190103
3886	jd	5	0	1000	4.1	1	mfdxm14736dyx125	20190103
3887	apple	15	3	6100	1.1	1	yhadf13819gyy130	20190103
3888	apple	15	1	3600	2.1	1	cdwzy14325zhd186	20190103
3889	huawei	5	0	8700	6.1	1	gmfzh14677fwy153	20190103
3890	lv	15	6	3000	1.1	1	yhmzd14707hyw133	20190103
3891	pinduoduo	15	5	6500	1.2	1	dmfdx15245mag125	20190103
3892	chanel	5	0	8200	2.2	1	whyfe15297hfw176	20190103
3893	baojie	5	0	9100	1.1	2	axdfa15717dcw183	20190103
3894	maotai	15	3	9100	2.2	1	fhyzh14763fyw141	20190103
3895	baojie	5	0	2900	1.1	1	ywgad15080cgh156	20190103
3896	jd	5	0	6100	5.1	2	gcaaa14686edd166	20190103
3897	baojie	5	0	8200	6.1	1	yfgwf14534wwg124	20190103
3898	jd	5	0	7700	1.1	1	dcfhy15484mec158	20190103
3899	huawei	15	2	2200	2.2	2	magdm14176wge151	20190103
3900	apple	5	0	9200	1.2	1	afdyy15699xfd140	20190103
3901	xiaomi	5	0	1200	1.2	1	mwezm15560mch133	20190103
3902	apple	5	0	7900	6.1	1	dxmxy14224dew193	20190103
3903	baojie	15	5	2400	2.2	1	wzaah14944fay123	20190103
3904	jd	15	2	1200	2.2	2	fgyff15794fch148	20190103
3905	apple	5	0	6500	4.1	1	gedmz14409mmd150	20190103
3906	jd	15	2	8700	1.2	1	cdyzm13892yec164	20190103
3907	xiaomi	15	2	7000	2.2	1	ezeme14454wzx163	20190103
3908	baojie	15	6	1900	2.2	1	eagca15094hca118	20190103
3909	pinduoduo	5	0	1900	3.1	2	fgehw13982afw195	20190103
3910	xiaomi	5	0	2200	1.2	1	xchhg13898wmm163	20190103
3911	jd	15	6	3600	1.1	1	efgwg15677yfw176	20190103
3912	maotai	15	5	2900	2.1	2	mfdxm14736dyx125	20190103
3913	lv	5	0	7300	1.1	2	wfxcm14373mzw123	20190103
3914	baojie	15	3	2400	2.1	1	wwzdm14028eem126	20190103
3915	jd	15	4	8200	2.1	1	eefed14942ezz194	20190103
3916	lv	5	0	2900	2.2	2	yxxme14718dzy154	20190103
3917	lv	5	0	8700	6.1	1	mefdy14314emg176	20190103
3918	xiaomi	15	2	3300	2.2	1	wdwyx15788ywm130	20190103
3919	microsoft	15	6	3300	1.2	2	meymx14053wmg176	20190103
3920	lv	5	0	4200	5.1	1	gygzf15213xdg163	20190103
3921	baojie	15	4	8800	1.1	1	xwzye15618zam187	20190103
3922	xiaomi	5	0	3900	2.2	1	waefm13951haz128	20190103
3923	huawei	5	0	1100	3.1	2	cxgdz15159gww139	20190103
3924	chanel	5	0	9200	1.1	1	xwmmg14227mxd180	20190103
3925	baojie	5	0	3600	3.1	1	zxdmm15803ggd121	20190103
3926	jd	15	3	1900	2.1	1	fgyff15794fch148	20190103
3927	chanel	5	0	0000	2.1	2	ezgmz14857xmd119	20190103
3928	pinduoduo	5	0	6500	2.1	1	ezadg13934dyx117	20190103
3929	baojie	5	0	9000	2.2	1	magxm15749fce131	20190103
3930	xiaomi	15	2	9100	2.2	2	hxmdz14570way192	20190103
3931	baojie	5	0	4200	1.2	1	yzwxa15209cdw147	20190103
3932	pinduoduo	15	4	1900	2.1	1	fychw14430zhg174	20190103
3933	pinduoduo	5	0	2900	2.1	1	eefed14942ezz194	20190103
3934	pinduoduo	5	0	5800	3.1	1	azhwg14471acf119	20190103
3935	lv	15	1	3300	2.1	1	mdyzd14568mfe136	20190103
3936	huawei	5	0	3300	6.1	2	azhwg14471acf119	20190103
3937	lv	5	0	1600	4.1	1	gxxac15718cfm143	20190103
3938	jd	5	0	2200	3.1	2	aaade15247hfd145	20190103
3939	xiaomi	15	6	5500	2.2	2	meymx14053wmg176	20190103
3940	baojie	15	1	2900	2.1	1	gfawz14258fhe158	20190103
3941	pinduoduo	15	4	6500	1.2	1	xhhzx13827eef195	20190103
3942	apple	5	0	7900	3.1	1	yhmzd14707hyw133	20190103
3943	xiaomi	15	3	8700	2.1	2	yehwc15043wae142	20190103
3944	baojie	15	3	8700	2.2	1	wgyed14822dfd179	20190103
3945	baojie	5	0	2600	2.2	2	meymx14053wmg176	20190103
3946	xiaomi	15	4	1000	1.2	1	dzzgm14017egh121	20190103
3947	huawei	15	1	8500	2.1	1	fxhhx14437xxe164	20190103
3948	chanel	5	0	9200	2.1	2	xyfyz14347zxf150	20190103
3949	microsoft	15	6	9100	2.1	1	xfcdf15299zad180	20190103
3950	microsoft	5	0	5500	2.2	1	adddz13838haz128	20190103
3951	jd	5	0	9100	1.2	1	afhca15773axh186	20190103
3952	baojie	5	0	4900	3.1	1	dmcfg15333hzw150	20190103
3953	microsoft	15	6	7700	1.1	1	xcmda15588xhf148	20190103
3954	lv	15	5	2600	2.2	1	zedgw14620ccx129	20190103
3955	xiaomi	5	0	1600	2.1	1	wzmzw14493yha165	20190103
3956	chanel	15	6	1000	2.2	1	ezadg13934dyx117	20190103
3957	apple	15	3	5500	1.2	1	yyhxz14898fmz194	20190103
3958	huawei	15	2	2600	1.1	1	mfdxm14736dyx125	20190103
3959	maotai	5	0	8200	5.1	2	zhcze15285fax130	20190103
3960	huawei	5	0	0000	1.2	1	xahza14508agy178	20190103
3961	jd	15	5	3600	1.2	1	geaad13893gcx184	20190103
3962	huawei	15	1	1000	2.1	1	adddz13838haz128	20190103
3963	microsoft	15	1	2200	1.1	2	fzyax15029cfg155	20190103
3964	microsoft	5	0	9000	6.1	2	gezzd15820hcf177	20190103
3965	microsoft	15	5	5800	1.1	1	ywwhg14494ehx169	20190103
3966	apple	5	0	4200	2.2	1	cdyzm13892yec164	20190103
3967	jd	15	1	2600	1.2	1	eggcz14208mcf191	20190103
3968	jd	15	3	7300	2.2	1	gzfem15566dme143	20190103
3969	huawei	5	0	2200	2.2	2	afhca15773axh186	20190103
3970	microsoft	15	2	4200	2.2	1	awaze15666dxz122	20190103
3971	pinduoduo	15	4	1200	1.1	1	awdda14416acz163	20190103
3972	maotai	15	5	7300	1.1	2	fwafg13984zey165	20190103
3973	apple	15	3	7900	1.1	2	cewmd15478ayg154	20190103
3974	apple	15	1	2200	1.2	2	xcaza14490ygd132	20190103
3975	microsoft	5	0	9000	4.1	1	dmfdx15245mag125	20190103
3976	maotai	15	1	2900	2.2	1	mfdxm14736dyx125	20190103
3977	huawei	15	3	3900	2.1	1	czzfy14497aca190	20190103
3978	pinduoduo	5	0	3300	1.2	2	ahgcx13839gdw123	20190103
3979	apple	5	0	2400	2.1	2	egaem14421dye172	20190103
3980	baojie	15	3	8200	1.2	1	fmcyc15279gde178	20190103
3981	microsoft	5	0	9000	1.1	2	ehhwh13896hfm194	20190103
3982	jd	15	2	3900	2.2	2	wdwyx15788ywm130	20190103
3983	apple	15	4	7900	2.2	2	zzgax15533cfg173	20190103
3984	huawei	15	2	6100	2.1	1	zfmaa15649aeg136	20190103
3985	apple	5	0	8200	3.1	1	yfdmz15394dfg117	20190103
3986	pinduoduo	15	6	1600	1.2	1	gygzf15213xdg163	20190103
3987	jd	5	0	3300	1.1	1	fezcc14602fwg158	20190103
3988	jd	15	5	7900	1.1	2	hxmdz14570way192	20190103
3989	xiaomi	15	2	8800	2.2	2	egwgz14569hez117	20190103
3990	lv	15	5	2200	2.1	2	dgemh14427cdg163	20190103
3991	apple	5	0	1000	1.2	2	yxxyw14473zzg172	20190103
3992	pinduoduo	15	2	3300	2.2	1	zcaah14356xyf139	20190103
3993	microsoft	15	1	1100	1.2	2	afhca15773axh186	20190103
3994	apple	15	6	3300	1.2	2	yyywm14475hmw154	20190103
3995	maotai	15	6	3000	2.2	2	chfcd15281azx176	20190103
3996	apple	5	0	1000	4.1	2	yezem14423gxa142	20190103
3997	chanel	5	0	2400	5.1	1	mddah14845mga149	20190103
3998	xiaomi	15	5	7300	1.1	1	zgcze14674afc161	20190103
3999	apple	15	4	5800	2.1	2	xfcdf15299zad180	20190103
4000	pinduoduo	5	0	4500	2.2	1	gygzf15213xdg163	20190103
4001	xiaomi	15	3	4200	1.2	1	yahaw14903acy147	20190103
4002	baojie	15	1	8500	1.1	1	fychw14430zhg174	20190103
4003	pinduoduo	5	0	3900	3.1	1	wdwzf15754xwf191	20190103
4004	lv	5	0	3600	4.1	2	yyywm14475hmw154	20190103
4005	huawei	15	2	9200	1.1	1	eggcz14208mcf191	20190103
4006	microsoft	15	2	4900	1.2	1	ydmyg14043axw122	20190103
4007	apple	5	0	2200	6.1	1	dwhzm15824fac130	20190103
4008	baojie	5	0	8200	3.1	2	agdzh14294ffy163	20190103
4009	xiaomi	15	6	4200	1.1	1	eyzde15222fhc138	20190103
4010	apple	5	0	7300	1.2	1	dmcfg15333hzw150	20190103
4011	huawei	5	0	8800	1.1	1	yyczw15569cea189	20190103
4012	maotai	15	6	6100	1.1	1	zdcay14283gyw186	20190103
4013	xiaomi	15	2	4900	2.1	1	deecf15293dgh190	20190103
4014	huawei	15	3	3000	2.1	1	aygzf15797ghw167	20190103
4015	lv	5	0	5500	2.2	2	yehwc15043wae142	20190103
4016	microsoft	15	3	9000	1.1	2	aaaac15759fdy189	20190103
4017	huawei	15	6	5500	2.2	1	zgyax14648xhd167	20190103
4018	baojie	15	2	4900	1.2	1	cwawd14617xdx139	20190103
4019	chanel	15	5	7300	2.2	2	wfyam14759ddh121	20190103
4020	lv	5	0	9100	1.1	1	xyfyz14347zxf150	20190103
4021	chanel	5	0	3300	6.1	1	gxxac15718cfm143	20190103
4022	huawei	5	0	2600	2.1	1	xyfyz14347zxf150	20190103
4023	huawei	5	0	3000	1.2	1	mecaw15077dxe174	20190103
4024	maotai	5	0	9200	3.1	1	aaaac15759fdy189	20190103
4025	huawei	5	0	7300	2.2	1	xwhwg14352zah144	20190103
4026	maotai	15	1	1100	1.2	2	gfawz14258fhe158	20190103
4027	xiaomi	5	0	3600	1.1	2	cfcfm14729cfz128	20190103
4028	pinduoduo	15	6	1100	1.2	1	hghmf14684xmx124	20190103
4029	chanel	15	4	1000	2.2	1	cemcf14367cmm189	20190103
4030	xiaomi	5	0	5500	1.2	1	xfecy15280zdc167	20190103
4031	baojie	15	3	7300	2.2	2	dwyga15311dch173	20190103
4032	lv	15	1	1900	2.2	1	mfdxm14736dyx125	20190103
4033	chanel	5	0	1200	4.1	1	axfwd14739mwx177	20190103
4034	jd	15	6	4200	2.2	1	xahza14508agy178	20190103
4035	jd	5	0	8700	1.2	1	myafz15351yzz123	20190103
4036	apple	5	0	2900	2.2	1	whyfe15297hfw176	20190103
4037	lv	5	0	7700	3.1	1	cgmeh14601wyg152	20190103
4038	baojie	5	0	1100	6.1	1	gazwc15044gmx178	20190103
4039	xiaomi	5	0	9000	5.1	1	fcmew14836dfx120	20190103
4040	pinduoduo	5	0	2900	4.1	1	hxmdz14570way192	20190103
4041	huawei	5	0	1200	1.1	2	fezcc14602fwg158	20190103
4042	microsoft	15	5	8700	2.2	1	dcfhy15484mec158	20190103
4043	maotai	5	0	4500	6.1	2	mfewg15730cgc149	20190103
4044	apple	5	0	2600	6.1	1	ehmge15617ffg166	20190103
4045	baojie	15	3	6100	2.1	1	eggcz14208mcf191	20190103
4046	pinduoduo	5	0	7900	1.1	1	cexcf15521mgx171	20190103
4047	baojie	15	6	5200	2.2	2	cwmdf14571yhx167	20190103
4048	microsoft	5	0	5500	6.1	2	eagca15094hca118	20190103
4049	pinduoduo	5	0	2600	1.2	1	egwgz14569hez117	20190103
4050	maotai	15	2	3900	1.1	1	mchzy14177efd177	20190103
4051	xiaomi	5	0	9000	4.1	1	yemea15433wwz155	20190103
4052	pinduoduo	5	0	8700	5.1	1	dmcfg15333hzw150	20190103
4053	jd	15	5	8500	1.1	1	dmfdx15245mag125	20190103
4054	chanel	5	0	5500	1.2	2	cexcf15521mgx171	20190103
4055	pinduoduo	15	1	6500	1.1	1	cwcdc14371cmf151	20190103
4056	microsoft	5	0	9100	3.1	2	fychw14430zhg174	20190103
4057	xiaomi	15	3	1600	2.2	2	wgfza13860zdf191	20190103
4058	jd	5	0	9200	5.1	1	fychw14430zhg174	20190103
4059	lv	5	0	7900	2.2	2	yxxyw14473zzg172	20190103
4060	maotai	15	3	9200	2.1	1	aefcd14877hfy173	20190103
4061	huawei	5	0	6500	1.2	1	ehxfm15121eac188	20190103
4062	pinduoduo	5	0	7900	1.1	2	waefm13951haz128	20190103
4063	huawei	5	0	7700	2.1	2	zfyfg15466xfc195	20190103
4064	chanel	15	5	7900	1.2	1	ehmge15617ffg166	20190103
4065	jd	5	0	7700	2.2	1	fdmfx15149eew142	20190103
4066	jd	5	0	2200	4.1	2	hxmdz14570way192	20190103
4067	huawei	15	3	8700	1.2	1	xgzag14799dfw129	20190103
4068	apple	15	3	4900	2.2	1	awaze15666dxz122	20190103
4069	xiaomi	5	0	7900	2.1	2	cahem15196hxe179	20190103
4070	jd	5	0	9100	6.1	2	awaze15666dxz122	20190103
4071	maotai	15	1	5500	2.2	1	adfzh15089xxz160	20190103
4072	chanel	5	0	1000	3.1	1	zfmaa15649aeg136	20190103
4073	chanel	5	0	6400	4.1	1	cwzee14140wze162	20190103
4074	apple	15	5	4500	2.1	1	zgehd14165xmm126	20190103
4075	xiaomi	15	5	1900	2.1	1	ehhwh13896hfm194	20190103
4076	maotai	5	0	7300	1.2	1	hhwyz15305dxe186	20190103
4077	apple	15	4	1000	2.2	1	yyczw15569cea189	20190103
4078	chanel	15	1	1100	1.2	1	cdcyy15516ecx165	20190103
4079	apple	5	0	2600	2.2	2	hmxac13832xxx119	20190103
4080	lv	15	4	4900	1.2	1	cexcf15521mgx171	20190103
4081	pinduoduo	15	5	1200	1.1	1	hehcx14610fhg140	20190103
4082	huawei	5	0	3000	3.1	2	gfawz14258fhe158	20190103
4083	microsoft	15	1	9000	2.1	1	gzeyh13794xda153	20190103
4084	xiaomi	5	0	3600	4.1	2	yezem14423gxa142	20190103
4085	chanel	15	5	7700	2.1	1	egfef14550hda177	20190103
4086	chanel	15	6	8200	2.1	1	fgyff15794fch148	20190103
4087	microsoft	15	1	9000	2.2	1	yzmyz14585hyh168	20190103
4088	chanel	5	0	6500	1.2	1	dmcfg15333hzw150	20190103
4089	baojie	15	3	7900	1.2	2	edgzd14746yhg149	20190103
4090	apple	5	0	4900	4.1	2	azhwg14471acf119	20190103
4091	chanel	5	0	3300	5.1	1	gefdz14460hcx123	20190103
4092	xiaomi	15	3	5800	1.1	1	dcfhy15484mec158	20190103
4093	huawei	5	0	9100	2.1	2	dmhfh14707zcy174	20190103
4094	chanel	5	0	8700	6.1	2	yzhhh15064ccf136	20190103
4095	microsoft	15	5	8200	1.1	1	dgxgx14558wca164	20190103
4096	xiaomi	5	0	1100	5.1	1	yhmzd14707hyw133	20190103
4097	chanel	15	1	8700	1.2	2	hfaag14177yyc129	20190103
4098	chanel	5	0	7300	3.1	1	yyywm14475hmw154	20190103
4099	microsoft	15	2	1100	1.1	1	yyczw15569cea189	20190103
4100	jd	15	3	7900	2.2	2	yzhhh15064ccf136	20190103
4101	microsoft	15	1	8200	2.1	2	cwcmw14360dxw123	20190103
4102	maotai	15	3	4900	2.1	1	azhwg14471acf119	20190103
4103	xiaomi	15	5	9200	1.2	1	xyhhg15699gcz149	20190103
4104	microsoft	15	6	4900	1.2	1	fwafg13984zey165	20190103
4105	xiaomi	5	0	5500	4.1	2	eyzde15222fhc138	20190103
4106	huawei	15	3	9200	1.2	1	zgwem14174mfw122	20190103
4107	microsoft	15	2	8800	1.2	2	aeyzy14365emc158	20190103
4108	lv	15	6	3600	1.1	1	zgcze14674afc161	20190103
4109	jd	5	0	8200	2.2	1	ycmfh14227xez159	20190103
4110	huawei	15	1	1100	2.2	1	yhmzd14707hyw133	20190103
4111	huawei	15	1	2200	1.2	2	ywgad15080cgh156	20190103
4112	baojie	15	4	9100	1.1	1	cfzmf14832eea185	20190103
4113	maotai	5	0	3300	3.1	1	hhehe15519hgf128	20190103
4114	jd	5	0	8800	1.2	2	aaaac15759fdy189	20190103
4115	lv	15	1	3600	1.1	1	cemwd13882chw187	20190103
4116	jd	5	0	2400	3.1	2	cdwzy14325zhd186	20190103
4117	chanel	15	1	6500	1.2	1	ahagw13917cdz130	20190103
4118	jd	15	1	2600	2.1	1	adddz13838haz128	20190103
4119	pinduoduo	15	6	9200	2.2	2	hzhae14017gdx120	20190103
4120	apple	15	4	8200	2.1	1	gzfem15566dme143	20190103
4121	baojie	15	3	1200	2.2	1	zegcy15072exm191	20190103
4122	apple	5	0	6100	3.1	2	ygxgx14727hgg180	20190103
4123	microsoft	15	3	4500	2.2	2	azcex14888gye136	20190103
4124	pinduoduo	5	0	5500	6.1	2	wdcxe15195czh186	20190103
4125	xiaomi	15	3	1100	1.2	1	dcxfa15244ydy155	20190103
4126	microsoft	15	3	9000	1.2	1	cazmf15539dfg169	20190103
4127	baojie	15	2	2600	2.1	1	mzwcd14566dey137	20190103
4128	microsoft	15	5	3300	2.2	1	yyywm14475hmw154	20190103
4129	pinduoduo	15	3	6500	1.1	1	adfzh15089xxz160	20190103
4130	maotai	15	6	1000	1.1	2	waefm13951haz128	20190103
4131	xiaomi	5	0	7900	1.1	2	yyczw15569cea189	20190103
4132	pinduoduo	15	1	1600	1.2	1	ahgcx13839gdw123	20190103
4133	pinduoduo	15	5	9200	1.1	2	cheww14964hmy144	20190103
4134	lv	5	0	6500	3.1	1	mchzy14177efd177	20190103
4135	lv	15	1	5200	2.1	1	aeyzy14365emc158	20190103
4136	pinduoduo	5	0	1200	5.1	1	cdwzy14325zhd186	20190103
4137	huawei	15	3	9100	2.1	1	cwcmw14360dxw123	20190103
4138	lv	15	6	7300	1.1	1	dcfhy15484mec158	20190103
4139	huawei	15	6	5800	1.2	1	mdecd15695eyh145	20190103
4140	jd	5	0	8700	4.1	1	mfdxm14736dyx125	20190103
4141	jd	15	5	7900	1.1	2	aayhc15283mdz172	20190103
4142	pinduoduo	5	0	5800	2.1	1	hghmf14684xmx124	20190103
4143	microsoft	15	2	1200	1.2	1	azdhf15776xcg173	20190103
4144	apple	5	0	1000	6.1	1	aaade15247hfd145	20190103
4145	lv	5	0	8200	5.1	1	yzhxz14670xww171	20190103
4146	chanel	5	0	8800	5.1	1	zcaah14356xyf139	20190103
4147	xiaomi	5	0	6500	5.1	2	eyefh15146egg127	20190103
4148	pinduoduo	15	2	6500	2.2	1	mxwaz14561gwz149	20190103
4149	xiaomi	15	6	1600	1.2	1	wgfza13860zdf191	20190103
4150	baojie	5	0	2400	2.2	2	zcaah14356xyf139	20190103
4151	huawei	15	1	7700	1.1	1	xmzzh15276hyx133	20190103
4152	maotai	5	0	1600	2.2	1	zgcze14674afc161	20190103
4153	microsoft	5	0	8500	1.1	2	gcgyz15807hfm177	20190103
4154	pinduoduo	15	2	1600	2.2	1	cexcf15521mgx171	20190103
4155	maotai	15	5	5500	1.1	1	fzyax15029cfg155	20190103
4156	apple	15	3	3000	1.2	1	dgemh14427cdg163	20190103
4157	xiaomi	15	5	5500	2.1	1	eczxw14180ega190	20190103
4158	baojie	15	5	1100	1.2	1	zaydz14953wdc146	20190103
4159	apple	15	3	1100	1.1	2	meaxc14985mhd170	20190103
4160	maotai	5	0	7000	1.1	1	damdx15339ygx130	20190103
4161	pinduoduo	15	4	6400	1.1	2	gcgyz15807hfm177	20190103
4162	lv	15	4	7300	2.2	1	azhwg14471acf119	20190103
4163	apple	15	1	2900	1.1	1	ygchy14141mmg146	20190103
4164	huawei	15	2	6500	2.1	1	gezzd15820hcf177	20190103
4165	xiaomi	15	3	7900	2.2	1	gmxea13848afc182	20190103
4166	apple	15	3	6500	1.2	1	dxmxy14224dew193	20190103
4167	xiaomi	15	3	0000	2.2	1	gxxac15718cfm143	20190103
4168	pinduoduo	15	1	6400	2.1	1	aefcd14877hfy173	20190103
4169	xiaomi	5	0	3000	3.1	1	hxadm14667xgc147	20190103
4170	xiaomi	15	3	7300	1.2	1	ahwmy14960czy137	20190103
4171	apple	5	0	6100	3.1	1	fzyca13901cxa132	20190103
4172	chanel	15	4	3000	1.2	2	zcaah14356xyf139	20190103
4173	baojie	5	0	8800	1.1	1	efawc15005xah177	20190103
4174	jd	5	0	1200	6.1	1	wwzdm14028eem126	20190103
4175	xiaomi	5	0	5200	2.1	1	xffhd15798mhg189	20190103
4176	lv	15	6	2900	2.1	2	fhyzh14763fyw141	20190103
4177	maotai	15	2	9200	2.2	2	ezgmz14857xmd119	20190103
4178	apple	5	0	8500	4.1	2	eagca15094hca118	20190103
4179	pinduoduo	5	0	6500	2.2	1	fezcc14602fwg158	20190103
4180	lv	5	0	6400	6.1	1	hhwyz15305dxe186	20190103
4181	xiaomi	15	5	2200	2.2	1	gmcze15627ywy147	20190103
4182	chanel	5	0	1000	1.2	1	wdcxe15195czh186	20190103
4183	xiaomi	5	0	7300	2.1	1	yemea15433wwz155	20190103
4184	microsoft	15	1	4900	2.2	2	azhwg14471acf119	20190103
4185	xiaomi	15	3	1200	1.2	1	dcggg13805eme162	20190103
4186	pinduoduo	15	3	8200	2.1	1	zgwem14174mfw122	20190103
4187	apple	5	0	5500	2.2	1	zwfcf15070hya173	20190103
4188	pinduoduo	15	4	8700	1.1	1	xwmmg14227mxd180	20190103
4189	lv	15	6	4200	2.2	1	aeyzy14365emc158	20190103
4190	pinduoduo	5	0	9000	4.1	2	cdgcy13976dam189	20190103
4191	maotai	5	0	9200	4.1	1	emaex14825hym119	20190103
4192	maotai	5	0	4500	4.1	1	xahza14508agy178	20190103
4193	maotai	5	0	6500	2.2	1	xhazg14736wey177	20190103
4194	baojie	5	0	3900	1.2	1	waefm13951haz128	20190103
4195	baojie	5	0	2600	1.1	1	myafz15351yzz123	20190103
4196	jd	15	3	3600	1.2	1	aefcd14877hfy173	20190103
4197	pinduoduo	5	0	3900	4.1	1	hdgax15302amx132	20190103
4198	baojie	5	0	3000	1.1	1	cdgcy13976dam189	20190103
4199	maotai	5	0	8500	1.1	1	dgdmx14580aeh176	20190103
4200	xiaomi	5	0	5500	1.2	1	ahwmy14960czy137	20190103
4201	chanel	5	0	2200	1.1	1	gxdmh13932gww142	20190103
4202	lv	15	6	5500	2.2	1	gfawz14258fhe158	20190103
4203	microsoft	15	6	2200	2.2	1	wgfza13860zdf191	20190103
4204	chanel	15	1	6400	1.2	2	hghmf14684xmx124	20190103
4205	apple	5	0	8800	3.1	1	zfhyz14128gwe188	20190103
4206	huawei	5	0	7000	3.1	1	ydmyg14043axw122	20190103
4207	microsoft	5	0	8500	1.1	1	ghggm13963fah140	20190103
4208	microsoft	5	0	2600	2.1	1	mxwaz14561gwz149	20190103
4209	jd	15	6	1900	1.2	1	mwezm15560mch133	20190103
4210	xiaomi	5	0	9100	1.2	1	yzhhh15064ccf136	20190103
4211	apple	15	5	9100	1.1	2	eehze14815xmh156	20190103
4212	jd	15	4	0000	1.1	2	xxzdx15638axx132	20190103
4213	chanel	15	2	1000	2.2	1	ehffm15331add175	20190103
4214	pinduoduo	15	5	0000	2.1	1	fhyzh14763fyw141	20190103
4215	xiaomi	15	5	2400	1.1	1	zfyfg15466xfc195	20190103
4216	chanel	5	0	8800	1.1	1	cfzmf14832eea185	20190103
4217	jd	15	5	5800	1.1	1	faaam14634mgm167	20190103
4218	apple	15	4	3900	2.1	1	wwywz14687ayw122	20190103
4219	chanel	15	6	1100	1.2	2	fdmzy14622fhd151	20190103
4220	apple	5	0	4200	5.1	1	cfewd15597acy124	20190103
4221	microsoft	5	0	4900	5.1	2	meymx14053wmg176	20190103
4222	microsoft	5	0	9200	1.2	1	dgezf14954zxy139	20190103
4223	microsoft	15	3	6500	2.2	1	gwgxm15116dfw186	20190103
4224	maotai	15	6	8800	1.2	1	afdyy15699xfd140	20190103
4225	jd	15	6	2400	2.1	1	fezcc14602fwg158	20190103
4226	jd	15	4	8200	2.2	1	cdwzy14325zhd186	20190103
4227	apple	15	1	7300	1.1	2	azxzd14579fxe153	20190103
4228	xiaomi	15	5	4200	2.1	1	gzfem15566dme143	20190103
4229	jd	15	6	2600	1.2	1	zxhhz15515dcy178	20190103
4230	baojie	5	0	4500	5.1	2	zdcay14283gyw186	20190103
4231	maotai	5	0	3300	2.1	1	hygyc15035cgf139	20190103
4232	maotai	5	0	8800	2.1	1	eawyc14849hdz179	20190103
4233	baojie	5	0	0000	2.2	2	ymmdg13848hfe167	20190103
4234	apple	5	0	6500	6.1	1	ygxgx14727hgg180	20190103
4235	jd	15	2	9200	1.2	1	yyyfh14126wdg139	20190103
4236	chanel	15	5	5500	2.2	1	eagca15094hca118	20190103
4237	chanel	15	4	6400	1.1	1	cmzhy14412yhh189	20190103
4238	huawei	15	5	4200	2.1	2	gazwc15044gmx178	20190103
4239	huawei	15	5	3600	1.2	2	yamhm14370zem188	20190103
4240	jd	5	0	5800	3.1	1	awaze15666dxz122	20190103
4241	apple	5	0	5800	1.1	2	wcwww14441xyx124	20190103
4242	microsoft	5	0	1900	4.1	1	gazwc15044gmx178	20190103
4243	pinduoduo	15	5	1900	2.2	2	yfgwf14534wwg124	20190103
4244	lv	5	0	9000	2.2	1	ygxgx14727hgg180	20190103
4245	maotai	5	0	9200	2.2	1	yyyyy15009dcg129	20190103
4246	apple	5	0	3600	1.2	2	fmcyc15279gde178	20190103
4247	lv	15	2	8500	2.2	1	ygaya14740ezg163	20190103
4248	jd	5	0	7700	1.1	1	zmmxe14195yaa139	20190103
4249	microsoft	15	1	2900	1.2	2	wdwzf15754xwf191	20190103
4250	jd	5	0	1600	2.1	1	wgyed14822dfd179	20190103
4251	lv	5	0	1200	2.2	1	fhgfm15525fmc186	20190103
4252	chanel	5	0	0000	6.1	1	eawyc14849hdz179	20190103
4253	microsoft	15	5	3900	2.1	1	daggy14072hmz169	20190103
4254	xiaomi	5	0	7700	1.1	2	fgyff15794fch148	20190103
4255	chanel	5	0	6500	6.1	2	yzwxa15209cdw147	20190103
4256	pinduoduo	15	2	7900	1.1	2	whyfe15297hfw176	20190103
4257	jd	5	0	4200	1.2	2	egcxd14951gmg142	20190103
4258	apple	15	1	4900	2.1	2	cdgcy13976dam189	20190103
4259	baojie	5	0	1000	2.2	2	zwfcf15070hya173	20190103
4260	jd	15	6	6400	2.2	1	eagca15094hca118	20190103
4261	apple	5	0	8800	2.2	2	aezeg15104gcc138	20190103
4262	jd	5	0	6100	6.1	1	wwywz14687ayw122	20190103
4263	huawei	15	1	2900	1.2	1	dcdfy15231ycd157	20190103
4264	chanel	15	4	5800	2.1	1	awaze15666dxz122	20190103
4265	chanel	15	3	8500	2.1	2	zazez14440xzz160	20190103
4266	jd	15	6	1600	1.2	1	adddz13838haz128	20190103
4267	huawei	5	0	8700	2.2	2	hmcmx15017wwf190	20190103
4268	huawei	15	4	2600	2.2	1	awaze15666dxz122	20190103
4269	huawei	5	0	7900	5.1	1	mddah14845mga149	20190103
4270	baojie	5	0	4200	3.1	1	aaade15247hfd145	20190103
4271	microsoft	15	3	5500	2.2	1	wycyd15074dhm148	20190103
4272	xiaomi	15	2	8200	1.2	1	hczge15523mxg151	20190103
4273	lv	15	6	8800	2.1	1	adfzh15089xxz160	20190103
4274	chanel	15	4	5500	2.2	1	dcgwa15297yxd143	20190103
4275	lv	15	4	2200	1.2	2	fegxw15603ezw137	20190103
4276	microsoft	5	0	3300	1.2	2	ygxgx14727hgg180	20190103
4277	lv	15	6	7900	2.1	1	egwgz14569hez117	20190103
4278	pinduoduo	5	0	2600	5.1	2	hchgx15173wxe120	20190103
4279	chanel	5	0	9200	3.1	2	mwwgh15507gmf129	20190103
4280	lv	5	0	4200	2.1	1	xxzdx15638axx132	20190103
4281	huawei	5	0	2200	6.1	2	mayhc15325fcf138	20190103
4282	microsoft	5	0	6400	1.2	1	fychw14430zhg174	20190103
4283	jd	5	0	6100	2.1	2	fefhg14349xay193	20190103
4284	microsoft	15	5	0000	2.1	1	gfawz14258fhe158	20190103
4285	xiaomi	5	0	0000	3.1	1	geydg15742mzx176	20190103
4286	lv	15	5	3600	2.2	2	ahwmy14960czy137	20190103
4287	pinduoduo	15	3	8200	1.1	2	dcxfa15244ydy155	20190103
4288	apple	5	0	4200	6.1	1	dcgwa15297yxd143	20190103
4289	chanel	15	3	5800	2.2	2	gafha14626zcd192	20190103
4290	apple	5	0	6500	2.2	1	zgcze14674afc161	20190103
4291	maotai	15	4	8500	1.2	1	wdafg14645cch128	20190103
4292	pinduoduo	15	5	6500	1.1	1	zcaah14356xyf139	20190103
4293	pinduoduo	15	6	3300	2.2	2	wzmzw14493yha165	20190103
4294	huawei	5	0	5500	2.2	1	wgyed14822dfd179	20190103
4295	apple	5	0	1100	2.1	2	dwgcx14610xfa176	20190103
4296	jd	15	6	6500	1.2	1	ehdmz14565gyg150	20190103
4297	pinduoduo	5	0	7300	3.1	2	mwezm15560mch133	20190103
4298	apple	15	4	7900	2.1	2	aefcd14877hfy173	20190103
4299	microsoft	5	0	9100	2.2	1	azdhf15776xcg173	20190103
4300	apple	15	5	8700	2.2	1	yzhhh15064ccf136	20190103
4301	microsoft	15	1	7900	2.2	1	wfefx15171wxx136	20190103
4302	lv	5	0	6100	1.1	1	dxmxy14224dew193	20190103
4303	baojie	15	3	7700	2.1	2	mddah14845mga149	20190103
4304	chanel	5	0	3900	1.1	1	hwcwa14121gzg179	20190103
4305	huawei	5	0	6100	2.2	1	gagag15088wyd190	20190103
4306	chanel	15	2	9200	1.1	1	xcaza14490ygd132	20190103
4307	chanel	5	0	2200	6.1	1	gfhha13933axg121	20190103
4308	chanel	5	0	5200	2.2	1	ezadg13934dyx117	20190103
4309	pinduoduo	5	0	1900	1.1	1	myafz15351yzz123	20190103
4310	lv	5	0	7700	1.2	2	cexcf15521mgx171	20190103
4311	xiaomi	15	4	7900	1.1	2	gmfzh14677fwy153	20190103
4312	microsoft	5	0	6100	3.1	1	zaydz14953wdc146	20190103
4313	microsoft	5	0	1200	5.1	1	zywdy14271fhy182	20190103
4314	baojie	5	0	3000	4.1	1	ezadg13934dyx117	20190103
4315	apple	5	0	5200	2.1	2	xyehw14120fxf135	20190103
4316	maotai	5	0	2900	3.1	1	awaze15666dxz122	20190103
4317	huawei	5	0	7000	2.2	2	yafhe15831cwm182	20190103
4318	lv	5	0	5800	5.1	1	hhama14411mfx120	20190103
4319	jd	5	0	0000	6.1	2	amyax14359aze165	20190103
4320	lv	5	0	7700	5.1	2	dxmxy14224dew193	20190103
4321	microsoft	5	0	8500	2.2	2	fzfhe15070zey126	20190103
4322	xiaomi	5	0	3000	1.2	1	ahwmy14960czy137	20190103
4323	pinduoduo	15	5	1900	2.2	1	adzac14294fff138	20190103
4324	jd	5	0	3000	2.2	2	xchhg13898wmm163	20190103
4325	apple	5	0	6100	1.2	2	dhccx14093ygm141	20190103
4326	huawei	5	0	7900	1.1	1	hchgx15173wxe120	20190103
4327	xiaomi	5	0	7000	4.1	1	dmhfh14707zcy174	20190103
4328	baojie	15	3	9000	2.1	1	hhama14411mfx120	20190103
4329	xiaomi	15	6	9200	2.2	1	dfeec13930ehe189	20190103
4330	microsoft	15	5	1600	1.1	2	fgyff15794fch148	20190103
4331	microsoft	5	0	2200	1.1	1	zghyw15434xax129	20190103
4332	pinduoduo	5	0	2200	2.1	1	whyfe15297hfw176	20190103
4333	microsoft	5	0	2900	2.2	2	wfdee13842mzg160	20190103
4334	pinduoduo	5	0	1600	6.1	2	cazmf15539dfg169	20190103
4335	xiaomi	15	1	9000	1.2	1	gmgew15302xaz170	20190103
4336	apple	15	3	8800	2.1	2	zaydz14953wdc146	20190103
4337	chanel	5	0	3600	6.1	1	cwcdc14371cmf151	20190103
4338	microsoft	5	0	8800	6.1	1	yyywm14475hmw154	20190103
4339	maotai	5	0	0000	1.2	1	yzmyz14585hyh168	20190103
4340	microsoft	5	0	9000	4.1	1	cwawd14617xdx139	20190103
4341	pinduoduo	15	1	1600	2.2	2	azdhf15776xcg173	20190103
4342	baojie	5	0	5500	1.1	1	aefcd14877hfy173	20190103
4343	baojie	5	0	2900	2.2	2	hghym15130wah154	20190103
4344	huawei	5	0	3000	1.1	2	waayh15460dxz126	20190103
4345	apple	15	2	6500	1.1	2	xyehw14120fxf135	20190103
4346	baojie	5	0	5800	1.2	1	fmwmd13816amg180	20190103
4347	jd	15	4	3300	1.2	1	fegxw15603ezw137	20190103
4348	baojie	5	0	4500	1.1	1	fmcyc15279gde178	20190103
4349	pinduoduo	15	5	7900	2.1	2	zmhxx14132wyz132	20190103
4350	baojie	15	1	7700	2.1	1	xahza14508agy178	20190103
4351	pinduoduo	5	0	5800	1.1	1	fezcc14602fwg158	20190103
4352	jd	15	6	6500	2.2	1	wdwyx15788ywm130	20190103
4353	apple	15	6	1000	2.2	1	zfzye13900gyf171	20190103
4354	apple	5	0	6400	5.1	1	ehdmz14565gyg150	20190103
4355	jd	15	3	4900	1.1	1	eawdf14437awm143	20190103
4356	baojie	5	0	3900	1.1	1	agdzh14294ffy163	20190103
4357	apple	15	1	8700	1.2	1	wfdee13842mzg160	20190103
4358	chanel	15	2	8200	2.1	1	fychw14430zhg174	20190103
4359	pinduoduo	15	1	5200	1.1	2	geaad13893gcx184	20190103
4360	apple	5	0	9000	5.1	2	fmwmd13816amg180	20190103
4361	apple	5	0	5500	1.2	2	mhamh15194cwx145	20190103
4362	microsoft	5	0	1200	2.2	1	wgyed14822dfd179	20190103
4363	huawei	5	0	1000	5.1	1	gcefz14697hme160	20190103
4364	chanel	5	0	6400	1.1	1	zaydz14953wdc146	20190103
4365	apple	5	0	1100	2.1	1	gmxea13848afc182	20190103
4366	lv	15	1	5200	1.2	2	gzfem15566dme143	20190103
4367	baojie	15	2	1600	2.2	1	hmxac13832xxx119	20190103
4368	xiaomi	15	3	9100	2.2	1	ahfdx15160cgz122	20190103
4369	xiaomi	5	0	6500	2.1	1	dmfdw14700gyz147	20190103
4370	huawei	5	0	8700	4.1	1	yyywm14475hmw154	20190103
4371	huawei	15	1	7000	2.2	2	cemcf14367cmm189	20190103
4372	chanel	5	0	4200	1.1	1	yezem14423gxa142	20190103
4373	apple	15	2	4200	1.2	1	xeyfg14399fwx179	20190103
4374	lv	5	0	1100	5.1	1	ezadg13934dyx117	20190103
4375	xiaomi	15	2	3900	2.2	1	camez15549axw141	20190103
4376	xiaomi	5	0	2200	1.2	1	wacgm15479xxc160	20190103
4377	baojie	15	3	6100	1.1	2	aayhc15283mdz172	20190103
4378	huawei	5	0	3900	1.1	1	damdx15339ygx130	20190103
4379	lv	5	0	9000	3.1	2	whwmz15537gmz187	20190103
4380	xiaomi	15	3	6500	2.2	2	hgyyw15404xag175	20190103
4381	chanel	15	1	9100	1.1	2	wxdem14975xwx137	20190103
4382	lv	5	0	2600	1.1	1	agdzh14294ffy163	20190103
4383	microsoft	5	0	2600	2.1	1	xhcam14743fxa160	20190103
4384	microsoft	5	0	6400	2.1	1	fwafg13984zey165	20190103
4385	apple	5	0	8500	4.1	2	zazcd15387fhh148	20190103
4386	huawei	5	0	6400	5.1	2	dzzgm14017egh121	20190103
4387	huawei	5	0	5800	3.1	1	zyega14328gax175	20190103
4388	pinduoduo	15	3	7300	2.2	1	gcaaa14686edd166	20190103
4389	huawei	15	6	2200	2.1	1	mddah14845mga149	20190103
4390	baojie	5	0	3900	3.1	1	yzhhh15064ccf136	20190103
4391	microsoft	15	4	5800	1.2	2	yehhe15554dez144	20190103
4392	lv	5	0	8500	1.2	2	cazmf15539dfg169	20190103
4393	microsoft	5	0	1200	3.1	2	hehcx14610fhg140	20190103
4394	pinduoduo	15	3	8700	2.2	1	fmcyc15279gde178	20190103
4395	lv	15	4	8800	2.2	1	ydfgd14820yaf175	20190103
4396	microsoft	5	0	9100	3.1	1	zedgw14620ccx129	20190103
4397	lv	15	1	4900	2.1	1	axdyw14390cxg147	20190103
4398	huawei	5	0	7300	2.1	1	dyayg14002axf130	20190103
4399	chanel	15	3	1900	2.1	1	gzeyh13794xda153	20190103
4400	xiaomi	5	0	7000	2.1	1	hyfdf14719acf121	20190103
4401	pinduoduo	5	0	4900	4.1	2	eyzde15222fhc138	20190103
4402	xiaomi	5	0	7300	1.1	2	fwafg13984zey165	20190103
4403	pinduoduo	5	0	2900	6.1	2	hyeyd15311aha189	20190103
4404	apple	5	0	6100	1.2	1	gcmdc15103hza156	20190103
4405	maotai	15	1	9000	1.2	1	dmhfh14707zcy174	20190103
4406	microsoft	15	1	1000	1.2	1	mfdxm14736dyx125	20190103
4407	jd	15	2	2900	2.1	1	wdafg14645cch128	20190103
4408	jd	15	1	8800	1.1	1	hzhaa14313awe150	20190103
4409	jd	15	2	7700	1.1	2	cfhhe15158fdm126	20190103
4410	jd	5	0	4200	3.1	1	dxmxy14224dew193	20190103
4411	xiaomi	5	0	3300	4.1	1	mmmfh14796myc124	20190103
4412	maotai	5	0	4200	3.1	1	cexcf15521mgx171	20190103
4413	microsoft	15	5	5800	2.1	1	adzac14294fff138	20190103
4414	pinduoduo	5	0	1000	4.1	1	afdyy15699xfd140	20190103
4415	baojie	15	1	9000	2.2	1	deccx14449fgz166	20190103
4416	xiaomi	15	2	2400	2.2	2	eawyc14849hdz179	20190103
4417	chanel	5	0	2400	3.1	1	fxzww14845cwd171	20190103
4418	huawei	5	0	2200	1.1	2	ahwmy14960czy137	20190103
4419	lv	5	0	9200	1.1	2	cwmdf14571yhx167	20190103
4420	xiaomi	15	6	9100	1.1	1	ahwmy14960czy137	20190103
4421	microsoft	15	2	8700	1.2	1	fczdc14471hzm122	20190103
4422	chanel	15	1	1900	2.2	2	yxxme14718dzy154	20190103
4423	baojie	15	2	3300	1.1	2	yfdmz15394dfg117	20190103
4424	maotai	5	0	8700	2.2	1	aaaac15759fdy189	20190103
4425	lv	15	5	1900	1.2	2	fzyca13901cxa132	20190103
4426	apple	15	6	1200	2.2	1	xhxge15732zyf141	20190103
4427	huawei	5	0	2900	5.1	1	gggyh15344ggz122	20190103
4428	chanel	5	0	5500	2.2	2	yyywm14475hmw154	20190103
4429	microsoft	5	0	5200	1.1	1	fdmzy14622fhd151	20190103
4430	chanel	5	0	1900	6.1	1	wwywz14687ayw122	20190103
4431	xiaomi	15	6	0000	1.2	1	aezeg15104gcc138	20190103
4432	baojie	15	4	1900	2.2	1	xwmmg14227mxd180	20190103
4433	baojie	5	0	2200	1.2	2	eedwd14604edz175	20190103
4434	chanel	15	2	1900	2.1	1	zedgw14620ccx129	20190103
4435	microsoft	5	0	6400	2.2	1	yfdmz15394dfg117	20190103
4436	jd	5	0	3300	5.1	1	ehmge15617ffg166	20190103
4437	xiaomi	5	0	6500	2.2	1	hhhaw14165eaw141	20190103
4438	apple	15	2	2200	1.2	1	zgehd14165xmm126	20190103
4439	huawei	15	6	7000	2.1	2	agzmy15500hmc128	20190103
4440	pinduoduo	15	3	1900	2.1	1	whyfe15297hfw176	20190103
4441	microsoft	5	0	9100	6.1	1	chzfd15437eaz160	20190103
4442	jd	15	5	2200	2.2	2	damdx15339ygx130	20190103
4443	chanel	15	4	6500	1.2	1	dcdfy15231ycd157	20190103
4444	baojie	15	2	1000	1.1	2	gezzd15820hcf177	20190103
4445	maotai	15	1	1900	1.1	2	caamc14943hcf127	20190103
4446	lv	15	6	4200	1.1	2	aaade15247hfd145	20190103
4447	pinduoduo	5	0	1600	1.2	2	wxdem14975xwx137	20190103
4448	lv	15	4	1100	2.2	1	dcgwa15297yxd143	20190103
4449	baojie	5	0	1600	3.1	1	egaem14421dye172	20190103
4450	lv	5	0	1000	1.1	1	yxxme14718dzy154	20190103
4451	baojie	5	0	2200	6.1	2	yaezf14058fwz183	20190103
4452	pinduoduo	15	3	7700	1.1	1	fhyzh14763fyw141	20190103
4453	huawei	15	4	8700	1.1	1	cyzmx13883zgh124	20190103
4454	xiaomi	15	4	9200	2.1	1	cdwzy14325zhd186	20190103
4455	microsoft	15	2	1100	2.2	1	afega14384adz179	20190103
4456	maotai	15	3	5200	1.2	1	eawyc14849hdz179	20190103
4457	maotai	15	4	8500	2.1	1	fczzh15220cam195	20190103
4458	pinduoduo	15	6	2400	1.2	1	hxmdz14570way192	20190103
4459	huawei	5	0	8800	2.2	1	wdafg14645cch128	20190103
4460	apple	5	0	6400	6.1	1	ezadg13934dyx117	20190103
4461	xiaomi	5	0	4900	4.1	2	eadfc13824fdf167	20190103
4462	maotai	15	5	1100	1.2	1	fmwmd13816amg180	20190103
4463	pinduoduo	5	0	8500	1.2	1	zegcy15072exm191	20190103
4464	maotai	15	6	5800	1.2	2	wwywz14687ayw122	20190103
4465	huawei	15	3	5800	2.1	1	zzacx14232yxm181	20190103
4466	huawei	15	1	5200	1.2	1	ahwmy14960czy137	20190103
4467	lv	5	0	2200	2.1	2	mecaw15077dxe174	20190103
4468	apple	15	3	1900	2.1	1	dxhhx15812mah168	20190103
4469	pinduoduo	15	1	5800	2.1	1	wcfff15642ymz121	20190103
4470	huawei	5	0	8800	4.1	2	aygzf15797ghw167	20190103
4471	huawei	5	0	7300	1.2	1	myafz15351yzz123	20190103
4472	xiaomi	15	2	8200	2.1	1	mchzy14177efd177	20190103
4473	huawei	15	5	1000	1.1	1	xhezy14218mxa190	20190103
4474	apple	15	5	1200	2.1	2	aefcd14877hfy173	20190103
4475	microsoft	5	0	6500	5.1	1	ezwch13893fdx148	20190103
4476	chanel	5	0	1000	4.1	1	mcymw14321amm163	20190103
4477	microsoft	15	2	8200	2.2	1	hmhcc15201zyx189	20190103
4478	maotai	5	0	1100	1.1	2	gfawz14258fhe158	20190103
4479	chanel	15	6	2200	1.2	1	adfzh15089xxz160	20190103
4480	pinduoduo	5	0	9100	1.1	1	hghmf14684xmx124	20190103
4481	microsoft	5	0	5800	5.1	1	gwgxm15116dfw186	20190103
4482	lv	15	6	1200	1.2	1	gzfem15566dme143	20190103
4483	huawei	5	0	2600	6.1	1	yyyyy15009dcg129	20190103
4484	xiaomi	5	0	8500	5.1	1	aaade15247hfd145	20190103
4485	jd	15	4	8800	1.2	2	yydhm14641amw178	20190103
4486	maotai	15	4	5200	1.1	2	wdcxe15195czh186	20190103
4487	huawei	5	0	8500	1.1	2	ggzdc14600xga167	20190103
4488	jd	15	4	1000	2.2	1	zfmaa15649aeg136	20190103
4489	baojie	5	0	1600	3.1	1	egcxd14951gmg142	20190103
4490	pinduoduo	15	2	8800	2.1	1	yxxme14718dzy154	20190103
4491	apple	5	0	3600	4.1	2	chzfd15437eaz160	20190103
4492	apple	5	0	8500	3.1	1	wdxmf14312mgc164	20190103
4493	microsoft	5	0	7900	2.1	1	ezdwm14948dym187	20190103
4494	maotai	15	3	3900	2.1	1	aaaac15759fdy189	20190103
4495	chanel	5	0	5200	1.1	1	zcgce15760ahm143	20190103
4496	microsoft	15	5	9100	2.1	2	dzzgm14017egh121	20190103
4497	maotai	15	4	8800	1.1	1	femhc15648wcg173	20190103
4498	huawei	5	0	7700	6.1	2	xchhg13898wmm163	20190103
4499	huawei	15	2	3900	1.2	1	ghwcg14911xmm173	20190103
4500	jd	5	0	5800	5.1	1	hxmdz14570way192	20190103
4501	pinduoduo	5	0	4900	6.1	2	fcmew14836dfx120	20190103
4502	lv	5	0	5800	2.1	1	hhwyz15305dxe186	20190103
4503	apple	15	1	4200	2.2	2	zyega14328gax175	20190103
4504	chanel	15	4	3900	2.1	2	dzeaz15490emm162	20190103
4505	maotai	15	1	8800	1.1	1	exyce14010ddw153	20190103
4506	xiaomi	5	0	9000	2.1	1	waefm13951haz128	20190103
4507	huawei	15	6	1200	1.2	1	xxegf15400mff118	20190103
4508	maotai	5	0	3600	3.1	1	cfewd15597acy124	20190103
4509	xiaomi	5	0	1600	4.1	2	efawc15005xah177	20190103
4510	maotai	15	2	5200	1.2	1	gcaaa14686edd166	20190103
4511	baojie	5	0	0000	6.1	2	exazf14886gae185	20190103
4512	xiaomi	5	0	7900	3.1	1	fwafg13984zey165	20190103
4513	huawei	15	5	4500	2.2	1	dcggg13805eme162	20190103
4514	apple	15	3	4500	2.1	2	dgemh14427cdg163	20190103
4515	huawei	5	0	2900	1.2	1	ezdyz14880exd151	20190103
4516	pinduoduo	15	5	2200	1.1	1	aaaac15759fdy189	20190103
4517	jd	15	1	9000	1.2	1	demzd14840ymc141	20190103
4518	xiaomi	15	6	7900	2.2	2	ezadg13934dyx117	20190103
4519	microsoft	15	3	4500	1.1	2	dyffy14906azm133	20190103
4520	maotai	5	0	3300	4.1	1	zgcze14674afc161	20190103
4521	microsoft	5	0	2400	1.2	1	edgzd14746yhg149	20190103
4522	pinduoduo	5	0	9200	5.1	2	hxmdz14570way192	20190103
4523	chanel	5	0	1900	1.2	1	zfcgc14475ydd183	20190103
4524	maotai	15	1	6400	2.2	1	zmmxe14195yaa139	20190103
4525	baojie	15	5	3300	1.2	1	cmzhy14412yhh189	20190103
4526	baojie	15	2	6100	1.2	1	zdcay14283gyw186	20190103
4527	microsoft	15	1	9200	1.1	2	cahem15196hxe179	20190103
4528	apple	5	0	6500	3.1	2	hwcwa14121gzg179	20190103
4529	chanel	5	0	8700	1.1	2	hgwez15208fzf187	20190103
4530	huawei	5	0	9000	2.2	2	ehmge15617ffg166	20190103
4531	huawei	15	3	8200	2.1	1	aezeg15104gcc138	20190103
4532	baojie	5	0	3300	1.1	2	hghmf14684xmx124	20190103
4533	xiaomi	5	0	3900	4.1	1	zgxae14240ffm157	20190103
4534	apple	15	5	8700	2.1	1	ahfdx15160cgz122	20190103
4535	apple	5	0	1000	1.2	2	fhmmw14608hhy167	20190103
4536	huawei	15	2	4500	1.2	1	fwafg13984zey165	20190103
4537	apple	5	0	7900	1.2	1	xwmmh14299wxh167	20190103
4538	chanel	5	0	6100	6.1	1	dmcfg15333hzw150	20190103
4539	chanel	15	4	0000	2.1	1	emgaz15203cfe126	20190103
4540	chanel	15	6	3600	2.1	1	xyfyz14347zxf150	20190103
4541	pinduoduo	5	0	4500	5.1	2	yfexm14230cax155	20190103
4542	lv	5	0	3600	5.1	1	czgwz15052zfw174	20190103
4543	baojie	15	3	5800	2.2	2	ehffm15331add175	20190103
4544	chanel	15	4	3900	1.1	2	zfmaa15649aeg136	20190103
4545	maotai	5	0	4900	1.1	1	cahem15196hxe179	20190103
4546	lv	15	1	9100	2.1	1	dmcfg15333hzw150	20190103
4547	baojie	15	4	1900	1.2	1	hheea14723zyc184	20190103
4548	jd	5	0	2200	1.1	1	cexcf15521mgx171	20190103
4549	chanel	5	0	9100	2.2	1	wgfza13860zdf191	20190103
4550	huawei	15	4	8800	1.1	1	ezadg13934dyx117	20190103
4551	xiaomi	15	5	1900	1.2	1	gayym15037xyz148	20190103
4552	jd	15	2	4500	2.1	1	aaaac15759fdy189	20190103
4553	xiaomi	5	0	9100	1.1	2	aaaam14211ghf121	20190103
4554	pinduoduo	5	0	3000	2.2	1	cdcyy15516ecx165	20190103
4555	jd	5	0	2400	4.1	1	ezhaa15557gfe117	20190103
4556	xiaomi	15	2	1100	2.1	1	xwmmg14227mxd180	20190103
4557	pinduoduo	5	0	2400	5.1	1	fgehw13982afw195	20190103
4558	chanel	5	0	6100	2.1	1	cdgcy13976dam189	20190103
4559	baojie	5	0	7700	1.1	1	yahaw14903acy147	20190103
4560	lv	15	4	7000	2.1	1	aaaac15759fdy189	20190103
4561	baojie	15	2	2400	2.2	1	adzac14294fff138	20190103
4562	huawei	15	4	1600	1.1	1	cdcyy15516ecx165	20190103
4563	xiaomi	15	3	6500	2.1	2	gagag15088wyd190	20190103
4564	apple	5	0	7300	4.1	1	eagca15094hca118	20190103
4565	huawei	15	1	3600	2.2	2	zfcgc14475ydd183	20190103
4566	baojie	5	0	3300	1.1	1	hwcwa14121gzg179	20190103
4567	huawei	15	5	8700	2.2	2	hmhcc15201zyx189	20190103
4568	pinduoduo	5	0	6100	2.2	2	mfdxm14736dyx125	20190103
4569	xiaomi	5	0	7900	3.1	1	fawfd14839gzg138	20190103
4570	pinduoduo	5	0	4200	1.2	1	fwafg13984zey165	20190103
4571	pinduoduo	15	3	7700	2.2	1	aewcx14125gcd159	20190103
4572	xiaomi	15	2	8500	2.1	1	cfewd15597acy124	20190103
4573	chanel	15	2	8200	2.1	1	dcggg13805eme162	20190103
4574	maotai	15	5	1900	2.1	1	ehdmz14565gyg150	20190103
4575	xiaomi	15	1	1600	1.1	1	eadfc13824fdf167	20190103
4576	lv	15	1	8500	2.1	2	mfdxm14736dyx125	20190103
4577	pinduoduo	15	5	1100	2.2	1	ymfzf13902wyz119	20190103
4578	jd	5	0	2600	4.1	2	cwawd14617xdx139	20190103
4579	maotai	5	0	6500	2.1	1	dmfdx15245mag125	20190103
4580	lv	5	0	6400	1.2	2	dxhhx15812mah168	20190103
4581	apple	15	6	1100	2.2	1	yhezx14011ema159	20190103
4582	apple	15	1	7900	2.2	2	fychw14430zhg174	20190103
4583	chanel	5	0	7300	1.1	2	xcmda15588xhf148	20190103
4584	maotai	15	5	9100	1.2	1	eagca15094hca118	20190103
4585	pinduoduo	5	0	1200	2.1	2	gcefz14697hme160	20190103
4586	pinduoduo	5	0	5200	5.1	1	aygzf15797ghw167	20190103
4587	apple	5	0	9100	1.2	1	azdhf15776xcg173	20190103
4588	lv	5	0	7300	3.1	1	ygxgx14727hgg180	20190103
4589	pinduoduo	15	4	3900	2.2	1	gmfda14840yma158	20190103
4590	maotai	15	1	2600	2.1	1	hxmdz14570way192	20190103
4591	lv	15	3	9100	1.2	2	fzfhe15070zey126	20190103
4592	apple	15	1	6500	2.2	2	dxmxy14224dew193	20190103
4593	lv	15	6	4500	2.1	1	ywycx15547gec145	20190103
4594	maotai	15	6	6100	2.1	1	mchzy14177efd177	20190103
4595	jd	15	4	9200	2.2	1	yfham14784zcc191	20190103
4596	xiaomi	15	3	2600	2.2	1	zgcze14674afc161	20190103
4597	maotai	5	0	1100	1.2	2	fxzww14845cwd171	20190103
4598	xiaomi	5	0	9000	2.1	1	zmmxe14195yaa139	20190103
4599	xiaomi	15	4	6100	1.1	1	dmfdw14700gyz147	20190103
4600	microsoft	15	2	4500	2.1	1	zgwem14174mfw122	20190103
4601	chanel	5	0	7900	6.1	1	dmfae15666dxz125	20190103
4602	baojie	15	1	9200	1.2	2	zaydz14953wdc146	20190103
4603	baojie	15	1	9200	2.1	1	fzfhe15070zey126	20190103
4604	jd	15	4	6100	2.2	1	zdcay14283gyw186	20190103
4605	apple	15	4	4500	2.1	2	mayhc15325fcf138	20190103
4606	baojie	5	0	8500	2.2	1	aaade15247hfd145	20190103
4607	lv	5	0	9100	5.1	1	hheea14723zyc184	20190103
4608	chanel	5	0	2200	2.2	1	eawyc14849hdz179	20190103
4609	jd	5	0	8200	1.1	1	zxdmm15803ggd121	20190103
4610	jd	5	0	4900	1.2	1	hyfdf14719acf121	20190103
4611	chanel	5	0	1900	3.1	1	yyyyy15009dcg129	20190103
4612	xiaomi	5	0	1600	6.1	1	ydmyg14043axw122	20190103
4613	xiaomi	15	2	6400	2.1	1	hmeaw14749fxf122	20190103
4614	maotai	5	0	7300	1.2	1	zdcay14283gyw186	20190103
4615	pinduoduo	5	0	6500	4.1	2	mwezm15560mch133	20190103
4616	xiaomi	15	1	6500	2.2	2	mchzy14177efd177	20190103
4617	chanel	15	3	7900	2.2	2	fxzww14845cwd171	20190103
4618	jd	5	0	7700	2.2	1	wwywz14687ayw122	20190103
4619	xiaomi	5	0	8200	1.1	1	mxmam15320aea151	20190103
4620	microsoft	5	0	6500	3.1	1	afdyy15699xfd140	20190103
4621	lv	15	6	9100	1.2	1	dgxgx14558wca164	20190103
4622	chanel	5	0	1900	2.1	2	yzhhh15064ccf136	20190103
4623	maotai	5	0	2900	1.2	2	axfwd14739mwx177	20190103
4624	microsoft	15	2	7300	2.1	1	hxmdz14570way192	20190103
4625	lv	15	2	0000	1.1	2	xdmxa15820gyd131	20190103
4626	chanel	15	6	8500	1.2	2	hzhaa14313awe150	20190103
4627	chanel	15	4	8800	1.2	1	eafhc13976zca177	20190103
4628	lv	15	3	3000	2.2	1	fychw14430zhg174	20190103
4629	microsoft	5	0	8800	3.1	1	hzwag13906xex157	20190103
4630	jd	15	1	5500	1.1	1	gzfem15566dme143	20190103
4631	huawei	15	2	0000	1.1	1	zycag15487emx191	20190103
4632	pinduoduo	15	1	1200	2.1	2	zaydz14953wdc146	20190103
4633	baojie	5	0	9100	3.1	1	dcdfy15231ycd157	20190103
4634	maotai	15	1	6100	1.1	1	fychw14430zhg174	20190103
4635	xiaomi	15	2	8200	2.2	2	fhfcz15354xfd177	20190103
4636	lv	5	0	6500	6.1	2	fychw14430zhg174	20190103
4637	maotai	5	0	6500	6.1	2	dmfae15666dxz125	20190103
4638	maotai	15	5	8200	2.1	1	cdgcy13976dam189	20190103
4639	pinduoduo	15	3	2600	1.2	1	mxdzh14268ecg190	20190103
4640	maotai	5	0	3900	2.1	1	hchgx15173wxe120	20190103
4641	pinduoduo	5	0	2400	1.2	1	hehcx14610fhg140	20190103
4642	microsoft	5	0	2600	4.1	1	xyfyz14347zxf150	20190103
4643	xiaomi	15	3	6400	2.1	1	deccx14449fgz166	20190103
4644	jd	5	0	2400	3.1	2	mxwaz14561gwz149	20190103
4645	apple	15	1	5800	1.2	2	adzac14294fff138	20190103
4646	huawei	15	4	1600	2.2	2	aaaac15759fdy189	20190103
4647	apple	15	1	1200	1.2	2	wczcx15388cdh154	20190103
4648	xiaomi	15	1	4500	1.1	2	czgwz15052zfw174	20190103
4649	huawei	15	6	1200	2.2	2	mczzc15799adf119	20190103
4650	huawei	5	0	6500	2.2	1	zfmaa15649aeg136	20190103
4651	microsoft	15	3	2400	2.1	2	zdafa14077xhe188	20190103
4652	lv	5	0	7300	5.1	2	ahwmy14960czy137	20190103
4653	pinduoduo	15	1	2600	1.1	2	zxdmm15803ggd121	20190103
4654	apple	15	1	8800	1.2	2	mfdxm14736dyx125	20190103
4655	apple	5	0	9100	4.1	2	wgmfd15472adw151	20190103
4656	pinduoduo	15	1	5200	1.1	2	wwywz14687ayw122	20190103
4657	maotai	5	0	1000	4.1	1	cwcmw14360dxw123	20190103
4658	huawei	15	2	1200	2.2	1	gygzf15213xdg163	20190103
4659	jd	5	0	7000	1.1	2	xwmmh14299wxh167	20190103
4660	huawei	15	5	1200	1.1	1	dzzgm14017egh121	20190103
4661	huawei	15	1	4200	1.1	2	cachc14755xce127	20190103
4662	apple	5	0	4900	6.1	1	yezem14423gxa142	20190103
4663	apple	15	5	0000	2.2	1	gayym15037xyz148	20190103
4664	xiaomi	15	4	3000	1.2	1	wwywz14687ayw122	20190103
4665	chanel	5	0	3300	1.1	1	cwcmw14360dxw123	20190103
4666	microsoft	15	3	7300	1.1	2	ahgcx13839gdw123	20190103
4667	jd	15	5	7900	1.2	1	zfcgc14475ydd183	20190103
4668	xiaomi	5	0	8500	4.1	2	gygzf15213xdg163	20190103
4669	xiaomi	5	0	0000	6.1	2	aayhc15283mdz172	20190103
4670	jd	5	0	8500	5.1	2	waefm13951haz128	20190103
4671	apple	5	0	9100	3.1	2	cydfg14156xea169	20190103
4672	lv	15	3	4900	1.1	1	cfzmf14832eea185	20190103
4673	baojie	5	0	4200	3.1	2	zgeyg14849czw151	20190103
4674	chanel	15	3	4500	1.2	2	gfawz14258fhe158	20190103
4675	baojie	5	0	2900	6.1	1	yyhxz14898fmz194	20190103
4676	apple	5	0	4200	1.2	1	xwmmg14227mxd180	20190103
4677	jd	15	2	6500	2.2	1	mzzmf14110aza186	20190103
4678	maotai	5	0	4900	4.1	1	zgcze14674afc161	20190103
4679	baojie	5	0	5800	2.2	1	ymfzf13902wyz119	20190103
4680	maotai	15	5	1100	1.2	1	xhxge15732zyf141	20190103
4681	apple	15	6	6100	1.2	2	dgxgx14558wca164	20190103
4682	jd	5	0	2400	1.2	1	dcfhy15484mec158	20190103
4683	lv	15	1	2600	2.1	1	gagag15088wyd190	20190103
4684	baojie	15	2	1600	1.1	1	zgwem14174mfw122	20190103
4685	microsoft	5	0	4500	3.1	1	ygchy14141mmg146	20190103
4686	lv	15	4	3300	2.1	1	dgemh14427cdg163	20190103
4687	microsoft	5	0	1600	1.2	1	medwd14506mym187	20190103
4688	xiaomi	5	0	1000	1.2	1	waayh15460dxz126	20190103
4689	apple	5	0	7300	2.2	1	fawfd14839gzg138	20190103
4690	pinduoduo	15	4	7900	1.2	1	hhwyz15305dxe186	20190103
4691	chanel	15	1	5500	2.1	1	xghay15719eeg127	20190103
4692	huawei	5	0	2900	2.2	1	hxmdz14570way192	20190103
4693	xiaomi	15	1	2600	2.1	1	xgzyg13868wac168	20190103
4694	apple	15	5	0000	2.1	2	zgcze14674afc161	20190103
4695	xiaomi	5	0	7700	2.1	2	camez15549axw141	20190103
4696	xiaomi	15	2	6500	1.2	1	hzhaa14313awe150	20190103
4697	maotai	15	3	8800	2.1	2	eyyfm14318awf186	20190103
4698	xiaomi	5	0	2900	1.1	1	dmcfg15333hzw150	20190103
4699	jd	5	0	9100	4.1	2	chzfd15437eaz160	20190103
