4700	maotai	5	0	3600	2.2	1	gcwff14803gze143	20190104
4701	microsoft	15	2	8500	1.1	1	afhzx14978dgm158	20190104
4702	huawei	15	4	8200	2.2	1	ezxzh14302wzg195	20190104
4703	chanel	5	0	7000	3.1	2	xdcee14268xhe191	20190104
4704	pinduoduo	15	3	6100	1.2	2	zzcgg13934hme175	20190104
4705	xiaomi	5	0	8500	4.1	1	ayyff14154fxa130	20190104
4706	maotai	5	0	0000	4.1	1	zyegy15760xdx144	20190104
4707	pinduoduo	15	5	8500	1.1	2	acaym15230xmc171	20190104
4708	microsoft	15	4	6500	2.1	1	fmmza14944awa161	20190104
4709	jd	15	1	2200	2.1	1	acyzc14708dad193	20190104
4710	maotai	15	3	0000	2.2	2	chfaw14138zwd158	20190104
4711	pinduoduo	5	0	3900	1.2	1	efdwd13849dyz172	20190104
4712	xiaomi	5	0	6500	1.1	1	gmxxy14482hha194	20190104
4713	chanel	5	0	1600	6.1	1	xwedg15711ece148	20190104
4714	apple	15	4	5800	2.2	1	cfgfm14267hzx148	20190104
4715	baojie	15	6	6500	1.2	2	aegdz13997cdf174	20190104
4716	apple	15	6	1200	1.2	1	gxwhd15304mdf185	20190104
4717	jd	5	0	3300	2.1	1	czwew15332zwz188	20190104
4718	chanel	15	6	7000	2.1	2	xgwwg15109xgz117	20190104
4719	pinduoduo	5	0	8500	1.1	1	gzwez13966aah193	20190104
4720	maotai	5	0	1600	1.1	1	afexd14086eca117	20190104
4721	huawei	15	2	5500	2.2	1	azcyx15699ghg175	20190104
4722	pinduoduo	5	0	8500	2.1	2	xdhwy13979hwd127	20190104
4723	huawei	5	0	2900	3.1	1	ggcey14971xhm186	20190104
4724	maotai	5	0	7900	2.2	1	mxccz14475gca194	20190104
4725	pinduoduo	5	0	9200	3.1	1	mfcgm15753amd157	20190104
4726	huawei	15	3	2900	1.1	2	axfeh14175why187	20190104
4727	jd	5	0	7000	1.2	1	amddg14183wzf127	20190104
4728	apple	15	5	1600	2.2	1	wzmfx15700dye145	20190104
4729	microsoft	15	3	6500	1.1	2	cchmf14138gax144	20190104
4730	microsoft	15	3	1100	1.1	1	awmdw14746zdm133	20190104
4731	apple	15	6	8700	2.1	1	mameh14618ady170	20190104
4732	baojie	15	1	5200	1.1	1	ewfyy14145mxc148	20190104
4733	microsoft	15	2	1200	2.2	1	geacc15795gzz124	20190104
4734	jd	5	0	1000	5.1	2	zehyh14655wfx126	20190104
4735	apple	5	0	6500	2.2	1	fgxyd15252cgh132	20190104
4736	chanel	15	1	3000	1.1	1	yczzm15192wdy126	20190104
4737	xiaomi	15	4	8500	1.1	2	mwywd15652hmw170	20190104
4738	maotai	5	0	3900	3.1	1	xwmyy14013fyz159	20190104
4739	apple	15	6	2200	1.1	1	ddxez15174ehw173	20190104
4740	maotai	5	0	7700	4.1	2	hdcef15449hhf127	20190104
4741	chanel	15	5	1000	1.1	2	zzyhm14865dey176	20190104
4742	chanel	5	0	6100	2.1	2	zhymg14111afy156	20190104
4743	pinduoduo	5	0	6100	2.2	1	fyhyc14986gzh168	20190104
4744	baojie	5	0	7300	2.2	2	aaxdm14648xzd181	20190104
4745	chanel	5	0	7700	1.1	2	caggz15528fee178	20190104
4746	jd	15	2	5500	1.1	1	ggdma14413dhw119	20190104
4747	chanel	15	4	9200	2.2	1	ygaxm14445xac143	20190104
4748	chanel	15	2	6500	1.2	1	wymwg15088ezm161	20190104
4749	jd	15	2	3000	1.2	2	zadwf15004wzw186	20190104
4750	maotai	15	4	4200	1.2	1	hwdfa15786gcx133	20190104
4751	pinduoduo	15	5	3000	1.1	1	wfxww15642eym129	20190104
4752	jd	15	1	6400	2.2	1	mghyw14917zxz142	20190104
4753	maotai	15	1	2600	2.2	1	eacmw15681ahd161	20190104
4754	lv	5	0	0000	6.1	1	hyaxh15266xzw143	20190104
4755	microsoft	5	0	1900	5.1	1	xxaeg15694dhg134	20190104
4756	apple	15	3	0000	1.2	2	gwhgc15110ahh173	20190104
4757	microsoft	15	4	3900	2.1	1	adamx14554ahy128	20190104
4758	maotai	5	0	2900	3.1	1	whccx15249hax118	20190104
4759	lv	5	0	8200	1.2	2	dfcwh15761dhz150	20190104
4760	huawei	15	2	2200	1.1	2	gmmgf14878adc152	20190104
4761	apple	5	0	0000	2.1	1	eayaa15478gdg130	20190104
4762	maotai	5	0	3600	3.1	2	exdfe15552amy119	20190104
4763	microsoft	15	6	1000	1.2	2	ccyed15784dhw194	20190104
4764	huawei	15	5	7300	2.1	1	wcyzh14604zgf179	20190104
4765	apple	15	6	5800	2.1	2	yaxag13793hdw128	20190104
4766	pinduoduo	5	0	5800	1.1	2	wayha14439mgc142	20190104
4767	jd	5	0	4900	4.1	1	wyfzh14050fhc139	20190104
4768	huawei	15	3	2400	2.1	1	wgmaf15651hxz194	20190104
4769	huawei	15	1	4500	1.2	1	cdgze14332awy173	20190104
4770	xiaomi	15	5	9200	2.1	1	ggfwe15606hda133	20190104
4771	lv	15	3	9000	1.2	1	fydad15169myz156	20190104
4772	maotai	15	5	9200	2.1	2	cxgec14561wfx119	20190104
4773	pinduoduo	15	3	8200	2.2	1	zhmaz14537zxe121	20190104
4774	baojie	5	0	9000	2.2	2	aamwg14631xwx142	20190104
4775	pinduoduo	15	5	6100	1.2	2	agdcd14915zfy190	20190104
4776	jd	15	4	2900	1.1	1	dghwz14969awf139	20190104
4777	apple	5	0	8200	4.1	2	yadzw15275gdw173	20190104
4778	lv	5	0	2900	1.2	1	dwefe14698gmm152	20190104
4779	lv	5	0	8700	3.1	1	zhfae15805hdy169	20190104
4780	microsoft	15	6	6500	1.2	1	dmmmy15798aam129	20190104
4781	huawei	5	0	1600	2.1	2	wxchx15618mfd159	20190104
4782	jd	15	3	1000	2.2	1	hzgmx14783gee148	20190104
4783	baojie	5	0	4500	2.2	1	egfca13875ycg186	20190104
4784	baojie	15	5	9000	1.1	1	ahghm14996zxz133	20190104
4785	baojie	5	0	3000	1.2	1	gxhmc14807xdd136	20190104
4786	pinduoduo	5	0	2400	4.1	1	caded14618wma160	20190104
4787	huawei	5	0	8800	4.1	1	wzzzf14475whm143	20190104
4788	microsoft	15	4	2200	2.2	1	dfxhe14558emf177	20190104
4789	lv	5	0	8200	1.2	1	awfwx15641zge187	20190104
4790	maotai	5	0	7700	6.1	2	emcee14346wmz188	20190104
4791	baojie	15	1	1900	2.1	1	gydze13785wfz161	20190104
4792	lv	5	0	5200	3.1	2	hdahx14042ghh127	20190104
4793	lv	5	0	2400	5.1	1	cwzch14224mzw157	20190104
4794	microsoft	5	0	9000	3.1	2	fhdzy15712yfx173	20190104
4795	pinduoduo	15	5	5500	2.2	1	cgczh15265gwf152	20190104
4796	chanel	15	1	3300	2.2	1	ewgfx14853xyh149	20190104
4797	microsoft	5	0	2600	1.1	1	dcfyy13980ccd132	20190104
4798	maotai	5	0	8200	1.1	1	cfzzg15031cff118	20190104
4799	pinduoduo	15	4	1600	1.2	2	yxexg14942eee128	20190104
4800	baojie	5	0	8500	5.1	1	ghacg14907dzw142	20190104
4801	pinduoduo	15	3	6500	1.2	1	fzeac15425efd123	20190104
4802	pinduoduo	15	5	7000	1.1	1	fwewz15387gce177	20190104
4803	xiaomi	15	1	3600	1.2	1	yfead14208wwf181	20190104
4804	apple	15	1	2400	1.2	2	hceyd14644xyd167	20190104
4805	maotai	15	1	7700	2.2	1	cgwah15174yzy128	20190104
4806	lv	5	0	7000	2.2	1	wymhx15739dxd160	20190104
4807	xiaomi	15	1	3300	1.1	1	ymzgd14952dhe135	20190104
4808	xiaomi	5	0	8500	2.1	1	zmagx14416fmc164	20190104
4809	huawei	15	1	1200	1.2	1	dzcgf14536cwm134	20190104
4810	microsoft	5	0	6400	2.1	2	excah15811agc122	20190104
4811	huawei	5	0	2600	6.1	1	fhzwd15251xfw128	20190104
4812	jd	15	2	1900	1.1	1	hmaxa14683zmz151	20190104
4813	jd	15	2	3600	2.1	1	dcfzz15090xyy143	20190104
4814	xiaomi	5	0	3000	5.1	1	czzgm14658dyy153	20190104
4815	xiaomi	15	4	3600	1.1	1	mczfe15043ece173	20190104
4816	microsoft	15	3	5200	1.1	2	gazgf14372wae138	20190104
4817	maotai	5	0	9000	4.1	1	dmegf14651wwm156	20190104
4818	maotai	5	0	1200	5.1	2	cwydx15032eya165	20190104
4819	lv	5	0	5200	5.1	2	zyaze15745wyx132	20190104
4820	apple	5	0	7700	4.1	1	egfzd14259fhm188	20190104
4821	apple	15	4	3600	1.2	1	gcwhf15055fyc160	20190104
4822	chanel	15	6	1100	2.2	1	agacg15677gfz121	20190104
4823	lv	15	3	1600	2.2	1	mfxda14919fzd177	20190104
4824	lv	15	3	4500	2.1	1	ycfhw14875fwc169	20190104
4825	apple	5	0	2400	2.2	1	fydmc15785feh149	20190104
4826	pinduoduo	5	0	3000	2.1	1	addcg15782yma145	20190104
4827	maotai	15	4	4500	1.1	1	mmmzf15594yzy120	20190104
4828	huawei	5	0	1900	2.1	2	zgggg14553wgc159	20190104
4829	chanel	5	0	1200	1.1	1	dgfmz14553cmd190	20190104
4830	huawei	15	1	5500	1.2	1	cccfh14592gcg181	20190104
4831	apple	5	0	6400	3.1	1	yzxwd15674fyz125	20190104
4832	apple	5	0	8200	1.1	1	hhcwy14215wax143	20190104
4833	chanel	15	4	6500	2.2	2	hhgam15069gxz149	20190104
4834	xiaomi	5	0	2600	4.1	2	gezdd14020afg156	20190104
4835	huawei	15	1	3600	1.1	2	xxgwy13794hww169	20190104
4836	pinduoduo	5	0	1000	1.2	1	mhgez15426xdd126	20190104
4837	huawei	5	0	9200	2.1	1	fydww15276ehx158	20190104
4838	jd	15	2	3300	2.1	2	xxaeh14122cgg175	20190104
4839	lv	5	0	7300	5.1	2	whehg14553gwz179	20190104
4840	microsoft	5	0	4200	1.2	1	gdmgx14403fmh171	20190104
4841	apple	5	0	1100	4.1	2	efgdf14901ceg177	20190104
4842	xiaomi	15	3	8800	2.2	2	fxzcx14568hch173	20190104
4843	pinduoduo	15	6	8500	1.1	1	fgfxz14361aay158	20190104
4844	lv	15	2	7700	1.2	1	dezhg15461weh120	20190104
4845	pinduoduo	5	0	3900	6.1	2	wahxw14114cmx188	20190104
4846	apple	15	2	2200	2.2	1	gdxmg15093zzx187	20190104
4847	xiaomi	5	0	9100	5.1	1	eazmc15595aff171	20190104
4848	xiaomi	15	5	6500	1.2	1	dgfmc14428zcd162	20190104
4849	maotai	15	3	6500	2.1	2	gwzwh15511dem192	20190104
4850	chanel	5	0	9000	3.1	1	wzwzc14957dyf126	20190104
4851	apple	5	0	4500	1.2	1	zefmx14855fef138	20190104
4852	apple	15	4	3000	1.1	2	azxgd15123dcd119	20190104
4853	baojie	5	0	2600	6.1	2	ydexz14616eda154	20190104
4854	huawei	15	4	1100	2.2	2	gzmgg14689fxx164	20190104
4855	microsoft	5	0	5800	2.1	1	hxgcx15439ffe189	20190104
4856	xiaomi	15	4	1000	1.1	1	wxcye14884dee164	20190104
4857	huawei	15	5	7900	1.2	1	mayxh15617fch121	20190104
4858	microsoft	5	0	1100	2.1	2	wawcy15659ddy166	20190104
4859	pinduoduo	15	4	2200	1.2	1	zydmz14286eyg185	20190104
4860	xiaomi	15	2	3000	1.2	1	xgmeh14807fyf158	20190104
4861	maotai	5	0	6100	6.1	1	ehwfe13924cxx167	20190104
4862	chanel	5	0	9000	6.1	1	ymwcx14554wdc172	20190104
4863	baojie	15	6	6500	2.2	2	hxgaw15468hec164	20190104
4864	chanel	15	4	6400	1.2	2	hyzfx13911yhg190	20190104
4865	maotai	5	0	6100	1.2	1	geggx14492ewf165	20190104
4866	microsoft	15	2	2400	2.1	1	cfwgy13796afa151	20190104
4867	lv	5	0	8500	2.1	1	hxmhe14970zye154	20190104
4868	jd	5	0	6500	6.1	2	hceyg15409wmm186	20190104
4869	jd	15	1	0000	2.1	2	mcxmg14145mhh170	20190104
4870	apple	15	2	8500	1.2	2	ccdya14177edg195	20190104
4871	chanel	5	0	1100	3.1	1	fgyaz14143hdy186	20190104
4872	jd	5	0	3300	6.1	2	mzewx15047xgd186	20190104
4873	microsoft	15	2	5500	1.2	1	yyycy14933afz143	20190104
4874	lv	15	3	8500	1.1	1	axxyh14236wmm194	20190104
4875	huawei	15	1	8200	1.1	2	wzdcy13946dyc121	20190104
4876	pinduoduo	15	6	5200	2.2	1	zymwy14166wdz189	20190104
4877	pinduoduo	15	3	4200	1.1	1	hgzee14908fgf187	20190104
4878	baojie	15	4	4200	2.2	2	ezeme14454wzx163	20190104
4879	lv	15	5	6100	1.1	1	hceyg15409wmm186	20190104
4880	pinduoduo	5	0	2900	2.2	1	zdafa14077xhe188	20190104
4881	microsoft	5	0	4500	1.1	1	yadzw15275gdw173	20190104
4882	baojie	5	0	6500	2.1	2	gayym15037xyz148	20190104
4883	lv	5	0	2200	5.1	1	yzhhh15064ccf136	20190104
4884	baojie	5	0	8200	3.1	2	yxxyw14473zzg172	20190104
4885	chanel	5	0	8800	5.1	1	ccyed15784dhw194	20190104
4886	chanel	15	1	7300	2.1	1	eyefh15146egg127	20190104
4887	huawei	15	3	1600	1.1	2	zmagx14416fmc164	20190104
4888	pinduoduo	5	0	1000	1.1	1	dcdfy15231ycd157	20190104
4889	baojie	5	0	3000	2.1	2	zfmaa15649aeg136	20190104
4890	maotai	5	0	5800	5.1	2	ywycx15547gec145	20190104
4891	huawei	15	5	3600	2.1	1	egfca13875ycg186	20190104
4892	lv	15	3	3300	2.1	1	mgmfa15192dax127	20190104
4893	apple	5	0	6400	6.1	1	zmagx14416fmc164	20190104
4894	lv	15	1	3000	2.2	2	zexhz14710dag190	20190104
4895	apple	5	0	2200	2.1	1	mcymw14321amm163	20190104
4896	pinduoduo	15	5	3300	1.2	1	azxzd14579fxe153	20190104
4897	pinduoduo	5	0	5500	1.1	1	gwzwh15511dem192	20190104
4898	chanel	15	2	4900	1.2	1	fzyca13901cxa132	20190104
4899	lv	5	0	2200	4.1	1	zadwf15004wzw186	20190104
4900	pinduoduo	5	0	3900	1.1	1	camez15549axw141	20190104
4901	maotai	5	0	8700	4.1	2	dgemh14427cdg163	20190104
4902	pinduoduo	5	0	8700	4.1	2	cfcfm14729cfz128	20190104
4903	huawei	15	4	1600	2.2	1	emcee14346wmz188	20190104
4904	baojie	5	0	0000	2.2	1	xwzye15618zam187	20190104
4905	jd	5	0	4900	4.1	1	wahxw14114cmx188	20190104
4906	lv	15	1	1000	2.2	1	camez15549axw141	20190104
4907	pinduoduo	5	0	1000	2.1	2	ahgcx13839gdw123	20190104
4908	baojie	5	0	1600	1.1	2	dmfdx15245mag125	20190104
4909	microsoft	15	2	2900	1.1	1	yzxwd15674fyz125	20190104
4910	maotai	15	2	1000	2.1	1	azdhf15776xcg173	20190104
4911	pinduoduo	15	1	2900	1.1	1	xgwwg15109xgz117	20190104
4912	chanel	5	0	8700	1.2	2	yfxmh14392gay145	20190104
4913	lv	15	1	7900	1.2	1	waefm13951haz128	20190104
4914	maotai	5	0	6400	5.1	2	adzac14294fff138	20190104
4915	maotai	5	0	1100	6.1	1	chfaw14138zwd158	20190104
4916	lv	15	1	9100	1.1	2	ghggm13963fah140	20190104
4917	lv	5	0	3300	1.2	1	excah15811agc122	20190104
4918	huawei	5	0	1600	3.1	1	cwcmw14360dxw123	20190104
4919	pinduoduo	15	4	3900	2.2	2	wdwyx15788ywm130	20190104
4920	lv	15	5	7300	2.2	1	geydg15742mzx176	20190104
4921	maotai	15	3	8800	2.1	1	azcyx15699ghg175	20190104
4922	chanel	5	0	5800	5.1	1	yehwc15043wae142	20190104
4923	xiaomi	5	0	4200	2.2	1	cfgfm14267hzx148	20190104
4924	baojie	15	4	8200	2.2	2	edgzd14746yhg149	20190104
4925	apple	5	0	7700	2.2	2	gzfem15566dme143	20190104
4926	apple	15	5	2200	1.2	1	dfaxc14419gdd156	20190104
4927	baojie	5	0	8500	1.2	2	geggx14492ewf165	20190104
4928	xiaomi	5	0	1100	2.2	1	azcex14888gye136	20190104
4929	lv	5	0	5500	2.1	2	amddg14183wzf127	20190104
4930	baojie	5	0	3900	6.1	1	edgzd14746yhg149	20190104
4931	pinduoduo	5	0	8800	6.1	1	ygxgx14727hgg180	20190104
4932	xiaomi	15	5	7700	2.2	1	ydfgd14820yaf175	20190104
4933	lv	5	0	3900	1.2	1	addcg15782yma145	20190104
4934	xiaomi	5	0	8500	4.1	1	fawfd14839gzg138	20190104
4935	huawei	5	0	4900	1.1	1	zgggg14553wgc159	20190104
4936	baojie	5	0	1100	5.1	1	geydg15742mzx176	20190104
4937	baojie	5	0	3300	5.1	2	xfecy15280zdc167	20190104
4938	lv	15	3	7300	2.1	1	mxdzh14268ecg190	20190104
4939	xiaomi	15	2	9100	2.2	2	yadzw15275gdw173	20190104
4940	chanel	5	0	9000	3.1	2	yfdee15279hfh160	20190104
4941	huawei	5	0	9100	2.2	1	fgyaz14143hdy186	20190104
4942	lv	5	0	4500	3.1	2	mezwh14602exc150	20190104
4943	jd	15	6	3000	1.1	1	yhmzd14707hyw133	20190104
4944	baojie	5	0	6400	3.1	1	gcecz15637ghg126	20190104
4945	maotai	5	0	5800	1.2	1	ezxzh14302wzg195	20190104
4946	baojie	5	0	8500	5.1	1	yfxmh14392gay145	20190104
4947	microsoft	15	4	4500	1.2	1	dgfmc14428zcd162	20190104
4948	jd	15	3	3900	1.1	2	fezcc14602fwg158	20190104
4949	jd	15	5	4500	1.1	2	aefcd14877hfy173	20190104
4950	apple	5	0	2200	3.1	2	ffhye14979fgz187	20190104
4951	microsoft	5	0	5500	4.1	1	azxgd15123dcd119	20190104
4952	chanel	15	4	7700	2.2	2	zdafa14077xhe188	20190104
4953	lv	5	0	6500	2.2	2	eayaa15478gdg130	20190104
4954	apple	5	0	3600	1.1	1	ezgmz14857xmd119	20190104
4955	xiaomi	15	5	9100	2.1	2	aaaac15759fdy189	20190104
4956	microsoft	15	2	1100	2.1	2	wdczh15660efg155	20190104
4957	chanel	5	0	0000	3.1	1	acaym15230xmc171	20190104
4958	huawei	15	3	3900	1.1	2	yyyyy15009dcg129	20190104
4959	maotai	5	0	3000	6.1	1	awfwx15641zge187	20190104
4960	maotai	15	2	9100	1.1	1	hmhcc15201zyx189	20190104
4961	microsoft	15	1	5500	1.1	2	cdwzy14325zhd186	20190104
4962	lv	5	0	1100	1.2	2	mcywc14699fgy182	20190104
4963	xiaomi	5	0	9100	6.1	1	fmmza14944awa161	20190104
4964	baojie	15	6	3300	2.2	2	gcecz15637ghg126	20190104
4965	chanel	5	0	8800	5.1	1	yadzw15275gdw173	20190104
4966	microsoft	5	0	1000	2.2	1	hdgax15302amx132	20190104
4967	pinduoduo	15	2	1100	2.1	1	ahwmy14960czy137	20190104
4968	lv	15	4	8800	1.2	1	camez15549axw141	20190104
4969	pinduoduo	5	0	9100	4.1	1	fwewz15387gce177	20190104
4970	huawei	5	0	1200	4.1	2	zxdmm15803ggd121	20190104
4971	maotai	15	3	1200	1.1	1	agacg15677gfz121	20190104
4972	huawei	15	3	5200	1.1	1	fmfmw15466mwa188	20190104
4973	maotai	5	0	6500	1.2	1	ahwmy14960czy137	20190104
4974	pinduoduo	5	0	2200	2.2	1	geydg15742mzx176	20190104
4975	chanel	5	0	1600	1.1	2	axfeh14175why187	20190104
4976	apple	5	0	8800	5.1	1	zzacx14232yxm181	20190104
4977	pinduoduo	15	4	4200	1.2	1	mwywd15652hmw170	20190104
4978	pinduoduo	15	1	8200	2.1	1	gzeyh13794xda153	20190104
4979	lv	5	0	3900	1.2	1	zgcze14674afc161	20190104
4980	jd	15	1	2200	2.2	2	eefed14942ezz194	20190104
4981	jd	5	0	8800	1.1	1	ewfyy14145mxc148	20190104
4982	chanel	15	6	5500	2.2	1	mezwh14602exc150	20190104
4983	maotai	15	6	4500	1.2	1	ccdya14177edg195	20190104
4984	maotai	5	0	9000	1.2	2	ahffx13938cfa193	20190104
4985	lv	5	0	8800	2.2	2	cexcf15521mgx171	20190104
4986	huawei	5	0	1100	2.2	2	egcxd14951gmg142	20190104
4987	xiaomi	15	5	6400	2.2	2	xxaeh14122cgg175	20190104
4988	baojie	5	0	7300	2.2	1	hccca14079ayc121	20190104
4989	microsoft	5	0	4200	5.1	1	ezxzh14302wzg195	20190104
4990	huawei	5	0	3000	1.2	1	eyefh15146egg127	20190104
4991	xiaomi	5	0	3300	1.1	2	wwywz14687ayw122	20190104
4992	maotai	5	0	2900	1.2	1	dfaxc14419gdd156	20190104
4993	lv	5	0	1000	5.1	1	ymzgd14952dhe135	20190104
4994	lv	15	2	6500	1.2	2	hmhcc15201zyx189	20190104
4995	huawei	15	6	3600	2.2	1	fhzwd15251xfw128	20190104
4996	baojie	5	0	3600	4.1	2	adzac14294fff138	20190104
4997	baojie	5	0	2200	1.2	1	cdcyy15516ecx165	20190104
4998	jd	15	2	5200	2.2	1	gmxea13848afc182	20190104
4999	baojie	15	3	6500	2.2	2	mayxh15617fch121	20190104
5000	pinduoduo	5	0	9000	2.2	1	hzhae14017gdx120	20190104
5001	chanel	5	0	1200	4.1	2	zzyhm14865dey176	20190104
5002	baojie	15	2	9200	1.2	1	gxedm14795zfd126	20190104
5003	microsoft	15	5	3000	2.2	1	awaze15666dxz122	20190104
5004	jd	15	3	8700	1.2	1	xhcam14743fxa160	20190104
5005	lv	5	0	2600	1.2	1	ycfhw14875fwc169	20190104
5006	pinduoduo	5	0	6500	5.1	2	wfadw13910zxd171	20190104
5007	xiaomi	5	0	4200	2.1	2	emcee14346wmz188	20190104
5008	microsoft	5	0	6400	1.1	1	gcefz14697hme160	20190104
5009	xiaomi	15	1	2900	2.2	1	xfecy15280zdc167	20190104
5010	apple	5	0	8500	2.2	2	wdczh15660efg155	20190104
5011	chanel	5	0	8700	1.1	2	agdcd14915zfy190	20190104
5012	chanel	15	3	7700	2.2	2	ehffm15331add175	20190104
5013	lv	5	0	6500	6.1	2	hyaxh15266xzw143	20190104
5014	huawei	5	0	4900	1.2	1	wfdee13842mzg160	20190104
5015	baojie	15	4	8800	1.1	1	xfecy15280zdc167	20190104
5016	huawei	5	0	2900	4.1	2	ymmdg13848hfe167	20190104
5017	huawei	15	6	2200	1.2	1	emcee14346wmz188	20190104
5018	huawei	15	6	4900	2.2	1	emaex14825hym119	20190104
5019	microsoft	5	0	9100	6.1	2	wcyzh14604zgf179	20190104
5020	lv	5	0	1900	1.1	2	yfxmh14392gay145	20190104
5021	jd	5	0	3600	4.1	1	cdgcy13976dam189	20190104
5022	baojie	5	0	8700	6.1	2	zfzye13900gyf171	20190104
5023	huawei	5	0	7000	2.2	1	mghyw14917zxz142	20190104
5024	pinduoduo	15	5	8800	2.2	1	zgxae14240ffm157	20190104
5025	maotai	15	6	6100	1.1	1	dmegf14651wwm156	20190104
5026	chanel	15	3	6400	2.2	2	wgfza13860zdf191	20190104
5027	jd	5	0	3000	3.1	1	ydmyg14043axw122	20190104
5028	chanel	15	2	2400	1.1	2	cemcf14367cmm189	20190104
5029	chanel	5	0	2600	1.1	1	fyhyc14986gzh168	20190104
5030	lv	5	0	2400	2.2	1	cahem15196hxe179	20190104
5031	apple	5	0	2200	3.1	1	hyzfx13911yhg190	20190104
5032	microsoft	5	0	1200	2.1	2	dmfdx15245mag125	20190104
5033	apple	15	2	2900	2.2	1	cdwzy14325zhd186	20190104
5034	apple	15	5	5800	1.1	2	xgzyg13868wac168	20190104
5035	microsoft	15	4	3000	2.2	1	ymwcx14554wdc172	20190104
5036	xiaomi	5	0	2400	2.2	1	cwmdf14571yhx167	20190104
5037	jd	15	1	5500	1.2	2	dezhg15461weh120	20190104
5038	maotai	15	2	0000	1.1	1	zzacx14232yxm181	20190104
5039	jd	5	0	3600	2.2	1	hhama14411mfx120	20190104
5040	chanel	5	0	1200	3.1	2	mecaw15077dxe174	20190104
5041	apple	15	4	6400	2.1	2	wxcye14884dee164	20190104
5042	jd	15	2	7000	2.2	2	ywgad15080cgh156	20190104
5043	maotai	15	5	1600	1.2	2	fhzwd15251xfw128	20190104
5044	apple	15	4	3600	2.1	1	yemea15433wwz155	20190104
5045	microsoft	15	6	1600	2.2	1	gygzf15213xdg163	20190104
5046	maotai	5	0	7700	1.2	1	wdczh15660efg155	20190104
5047	microsoft	5	0	6500	2.2	1	agdcd14915zfy190	20190104
5048	jd	5	0	5500	4.1	1	hhhaw14165eaw141	20190104
5049	lv	5	0	7900	4.1	2	cfwgy13796afa151	20190104
5050	xiaomi	15	1	1000	1.1	1	zdmxh15263wfe141	20190104
5051	huawei	5	0	9200	2.1	2	zgcze14674afc161	20190104
5052	jd	15	5	3600	2.1	1	ezhaa15557gfe117	20190104
5053	jd	15	1	6100	1.2	1	wyfzh14050fhc139	20190104
5054	maotai	15	6	8500	2.2	1	xfcdf15299zad180	20190104
5055	chanel	15	6	8700	1.1	2	ewfyy14145mxc148	20190104
5056	chanel	15	2	7000	2.1	1	dmfdw14700gyz147	20190104
5057	microsoft	5	0	3000	1.1	1	czgwz15052zfw174	20190104
5058	microsoft	15	5	8700	1.1	1	fzyax15029cfg155	20190104
5059	pinduoduo	15	2	9100	2.2	1	gazgf14372wae138	20190104
5060	xiaomi	5	0	3900	5.1	2	xwzye15618zam187	20190104
5061	huawei	5	0	9000	2.1	1	dmmmy15798aam129	20190104
5062	jd	5	0	2400	5.1	1	hzwag13906xex157	20190104
5063	lv	5	0	6400	5.1	2	cdwzy14325zhd186	20190104
5064	pinduoduo	15	1	7900	2.2	1	mayhc15325fcf138	20190104
5065	pinduoduo	5	0	2600	2.1	2	cwydx15032eya165	20190104
5066	xiaomi	15	6	1200	2.2	1	zdmxh15263wfe141	20190104
5067	apple	5	0	8800	4.1	1	mfcgm15753amd157	20190104
5068	baojie	5	0	1000	2.2	1	gcgyz15807hfm177	20190104
5069	lv	15	2	6100	1.1	1	wdcxe15195czh186	20190104
5070	jd	15	2	3600	1.1	2	mxdzh14268ecg190	20190104
5071	chanel	5	0	6500	5.1	2	mameh14618ady170	20190104
5072	lv	15	6	2900	1.2	2	xyehw14120fxf135	20190104
5073	lv	5	0	5800	5.1	2	afexd14086eca117	20190104
5074	chanel	5	0	5500	3.1	1	dmfdx15245mag125	20190104
5075	jd	15	2	1100	1.2	1	cexcf15521mgx171	20190104
5076	microsoft	15	6	8800	2.1	1	yfdmz15394dfg117	20190104
5077	pinduoduo	5	0	2400	5.1	1	wxchx15618mfd159	20190104
5078	baojie	15	2	2400	2.1	2	ezeme14454wzx163	20190104
5079	baojie	5	0	7000	2.1	1	mmmzf15594yzy120	20190104
5080	jd	15	4	8700	2.2	1	camez15549axw141	20190104
5081	chanel	15	6	6400	2.1	2	wwzdm14028eem126	20190104
5082	chanel	5	0	9000	4.1	1	xyehw14120fxf135	20190104
5083	microsoft	15	1	6500	1.2	1	fzeac15425efd123	20190104
5084	microsoft	15	5	2900	2.2	1	wgfza13860zdf191	20190104
5085	huawei	5	0	1900	2.2	1	gxwhd15304mdf185	20190104
5086	microsoft	5	0	3900	2.1	1	ffhye14979fgz187	20190104
5087	maotai	5	0	0000	2.1	2	waayh15460dxz126	20190104
5088	maotai	15	3	9200	2.2	2	geaad13893gcx184	20190104
5089	xiaomi	15	2	2400	1.2	1	eazmc15595aff171	20190104
5090	microsoft	5	0	1000	1.2	1	yhezx14011ema159	20190104
5091	chanel	15	4	8700	1.1	1	awmdw14746zdm133	20190104
5092	apple	15	6	1200	1.2	1	hygyc15035cgf139	20190104
5093	huawei	15	2	6500	2.2	2	gygzf15213xdg163	20190104
5094	microsoft	5	0	9200	4.1	1	hygyc15035cgf139	20190104
5095	xiaomi	15	5	7900	1.1	1	mczfe15043ece173	20190104
5096	maotai	15	2	2600	2.2	2	yafhe15831cwm182	20190104
5097	lv	5	0	4500	2.2	1	gwhgc15110ahh173	20190104
5098	jd	15	5	1900	1.1	1	mddah14845mga149	20190104
5099	pinduoduo	15	3	3900	2.1	2	zcaah14356xyf139	20190104
5100	baojie	15	1	8500	1.1	1	fawfd14839gzg138	20190104
5101	microsoft	5	0	8500	2.2	1	wymhx15739dxd160	20190104
5102	chanel	15	4	0000	1.2	2	yzwxa15209cdw147	20190104
5103	chanel	5	0	4200	4.1	1	wgmaf15651hxz194	20190104
5104	huawei	5	0	7900	3.1	2	yyhxz14898fmz194	20190104
5105	microsoft	5	0	5200	1.2	2	ezadg13934dyx117	20190104
5106	lv	5	0	2200	1.1	1	yxxyw14473zzg172	20190104
5107	jd	5	0	1100	2.2	1	wymwg15088ezm161	20190104
5108	pinduoduo	15	3	2200	1.1	1	fmfmw15466mwa188	20190104
5109	pinduoduo	15	1	5800	1.1	1	gxwhd15304mdf185	20190104
5110	maotai	15	3	7000	1.1	2	hcymx14962whh177	20190104
5111	maotai	15	2	3900	1.1	2	cfzmf14832eea185	20190104
5112	huawei	15	3	5500	2.1	1	ehhwh13896hfm194	20190104
5113	jd	15	1	2200	1.1	1	egfca13875ycg186	20190104
5114	maotai	15	2	1200	1.2	1	wxdem14975xwx137	20190104
5115	jd	15	2	7700	2.1	1	cccfh14592gcg181	20190104
5116	lv	15	4	2900	1.1	1	cmzhy14412yhh189	20190104
5117	maotai	5	0	5800	2.1	2	zaydz14953wdc146	20190104
5118	microsoft	15	4	2400	2.1	2	geydg15742mzx176	20190104
5119	lv	5	0	9000	2.2	1	chfaw14138zwd158	20190104
5120	jd	15	2	2200	1.1	1	fhfcz15354xfd177	20190104
5121	maotai	15	5	4500	1.1	1	wzmfx15700dye145	20190104
5122	chanel	15	2	2600	2.1	1	mxdzh14268ecg190	20190104
5123	huawei	15	2	7300	2.1	1	cdwzy14325zhd186	20190104
5124	lv	5	0	2200	5.1	2	cfcfm14729cfz128	20190104
5125	lv	5	0	3000	1.2	2	ymwcx14554wdc172	20190104
5126	baojie	15	6	1100	1.2	1	dgxgx14558wca164	20190104
5127	maotai	15	2	8700	1.2	1	wxchx15618mfd159	20190104
5128	chanel	15	5	1600	1.2	1	meaxc14985mhd170	20190104
5129	apple	15	1	5800	2.1	1	waefm13951haz128	20190104
5130	chanel	15	5	5500	1.1	2	yfgwf14534wwg124	20190104
5131	huawei	5	0	4500	1.2	1	awmdw14746zdm133	20190104
5132	lv	15	3	7700	1.1	1	zdmxh15263wfe141	20190104
5133	apple	5	0	1100	1.2	1	wzdcy13946dyc121	20190104
5134	baojie	5	0	7900	4.1	1	fxzww14845cwd171	20190104
5135	maotai	5	0	1000	1.1	1	ygxgx14727hgg180	20190104
5136	baojie	5	0	8700	3.1	1	axagf15202fwf168	20190104
5137	apple	15	6	7700	1.1	2	zyaze15745wyx132	20190104
5138	huawei	5	0	7900	1.1	1	ezhaa15557gfe117	20190104
5139	chanel	15	4	6500	2.2	2	zadwf15004wzw186	20190104
5140	huawei	5	0	0000	2.2	1	wczcx15388cdh154	20190104
5141	pinduoduo	15	6	1900	1.1	1	zgehd14165xmm126	20190104
5142	pinduoduo	5	0	8800	4.1	2	gmgew15302xaz170	20190104
5143	pinduoduo	15	2	9000	2.2	2	caded14618wma160	20190104
5144	baojie	5	0	6100	1.1	1	aezeg15104gcc138	20190104
5145	jd	5	0	1000	6.1	2	exdfe15552amy119	20190104
5146	huawei	15	1	1200	1.1	1	yfdee15279hfh160	20190104
5147	pinduoduo	15	4	8800	2.2	2	waefm13951haz128	20190104
5148	maotai	15	6	1100	1.1	1	yyhxz14898fmz194	20190104
5149	maotai	5	0	8800	1.2	1	excah15811agc122	20190104
5150	apple	5	0	3900	3.1	2	xhezy14218mxa190	20190104
5151	chanel	15	4	6100	1.1	1	gzmgg14689fxx164	20190104
5152	apple	5	0	6500	3.1	2	ymdyx15469hgg133	20190104
5153	apple	5	0	2400	4.1	2	dmcfg15333hzw150	20190104
5154	pinduoduo	5	0	5500	6.1	2	yemea15433wwz155	20190104
5155	chanel	5	0	2600	1.1	1	wymhx15739dxd160	20190104
5156	pinduoduo	5	0	1900	4.1	2	xgzyg13868wac168	20190104
5157	apple	15	5	2600	1.1	1	axxyh14236wmm194	20190104
5158	lv	15	2	2900	2.2	1	zexhz14710dag190	20190104
5159	huawei	15	4	1200	2.1	2	waayh15460dxz126	20190104
5160	lv	5	0	7900	1.2	2	mayhc15325fcf138	20190104
5161	lv	15	6	6400	2.2	2	hyaxh15266xzw143	20190104
5162	maotai	5	0	2200	2.2	2	dfeec13930ehe189	20190104
5163	jd	15	1	4200	2.1	1	hxgaw15468hec164	20190104
5164	xiaomi	15	3	4500	1.2	1	dcggg13805eme162	20190104
5165	xiaomi	15	4	3000	2.2	2	hczge15523mxg151	20190104
5166	apple	5	0	9100	6.1	1	wgfza13860zdf191	20190104
5167	microsoft	5	0	3600	1.1	1	ccyed15784dhw194	20190104
5168	maotai	15	5	2600	2.1	2	azdhf15776xcg173	20190104
5169	pinduoduo	5	0	7300	1.1	1	gcwff14803gze143	20190104
5170	baojie	5	0	3300	1.1	1	zgxae14240ffm157	20190104
5171	pinduoduo	5	0	1200	3.1	2	cdyzm13892yec164	20190104
5172	xiaomi	15	5	7700	1.1	2	afega14384adz179	20190104
5173	pinduoduo	5	0	6500	4.1	1	zhymg14111afy156	20190104
5174	baojie	5	0	3000	6.1	1	yfxmh14392gay145	20190104
5175	baojie	15	1	5200	2.2	1	zzcgg13934hme175	20190104
5176	chanel	5	0	7000	4.1	1	yhezx14011ema159	20190104
5177	maotai	5	0	5200	5.1	1	waayh15460dxz126	20190104
5178	lv	5	0	2900	5.1	1	cahem15196hxe179	20190104
5179	huawei	5	0	9000	2.1	1	zzyhm14865dey176	20190104
5180	microsoft	5	0	1100	3.1	2	yyegg14384fza129	20190104
5181	chanel	5	0	2900	1.1	1	hwdfa15786gcx133	20190104
5182	microsoft	5	0	1600	1.1	1	eyzde15222fhc138	20190104
5183	microsoft	15	6	5800	2.2	1	awaze15666dxz122	20190104
5184	baojie	15	4	8200	2.2	1	dfeec13930ehe189	20190104
5185	microsoft	15	2	3600	2.2	1	czwew15332zwz188	20190104
5186	microsoft	15	2	7300	2.2	1	eyzde15222fhc138	20190104
5187	jd	5	0	5500	2.2	1	axfeh14175why187	20190104
5188	apple	5	0	8700	4.1	1	yfgwf14534wwg124	20190104
5189	pinduoduo	5	0	6500	1.2	1	hxmdz14570way192	20190104
5190	pinduoduo	15	2	9200	2.2	1	aeyzy14365emc158	20190104
5191	chanel	5	0	7900	4.1	1	gwhgc15110ahh173	20190104
5192	huawei	5	0	6500	2.1	1	hzhae14017gdx120	20190104
5193	xiaomi	5	0	8800	5.1	1	mghyw14917zxz142	20190104
5194	xiaomi	15	4	2400	2.1	1	zfzye13900gyf171	20190104
5195	lv	15	2	5800	2.1	2	yzhhh15064ccf136	20190104
5196	xiaomi	15	3	7900	1.2	1	gzeyh13794xda153	20190104
5197	huawei	15	3	4900	2.2	1	awmdw14746zdm133	20190104
5198	microsoft	15	6	9200	1.1	1	hdgax15302amx132	20190104
5199	microsoft	5	0	6500	1.1	1	dgfmc14428zcd162	20190104
5200	baojie	5	0	2900	2.2	1	dcggg13805eme162	20190104
5201	huawei	15	2	8700	1.1	2	gygzf15213xdg163	20190104
5202	maotai	5	0	5200	2.1	1	geydg15742mzx176	20190104
5203	chanel	15	2	5200	1.2	1	geacc15795gzz124	20190104
5204	maotai	5	0	8700	1.1	1	yydhm14641amw178	20190104
5205	lv	15	3	8200	2.1	2	mfcgm15753amd157	20190104
5206	pinduoduo	5	0	6500	1.2	1	zxdmm15803ggd121	20190104
5207	microsoft	15	4	5200	2.1	2	zaydz14953wdc146	20190104
5208	xiaomi	15	5	8800	2.2	1	yfgwf14534wwg124	20190104
5209	apple	5	0	2200	3.1	1	mhgez15426xdd126	20190104
5210	apple	15	6	3000	1.2	2	fcmew14836dfx120	20190104
5211	baojie	5	0	4500	4.1	1	wymwg15088ezm161	20190104
5212	maotai	15	4	5800	2.2	2	cmzhy14412yhh189	20190104
5213	microsoft	15	1	6500	1.1	1	cdyzm13892yec164	20190104
5214	maotai	15	4	8200	1.2	2	ghggm13963fah140	20190104
5215	lv	15	5	1200	1.2	1	cchmf14138gax144	20190104
5216	apple	15	1	1100	2.2	1	hcymx14962whh177	20190104
5217	chanel	5	0	4500	2.1	2	wzmfx15700dye145	20190104
5218	pinduoduo	5	0	7300	1.1	2	xhezy14218mxa190	20190104
5219	xiaomi	15	4	2200	2.1	1	cfewd15597acy124	20190104
5220	chanel	15	3	7700	2.2	1	yemea15433wwz155	20190104
5221	huawei	15	6	5800	1.2	1	dgfmc14428zcd162	20190104
5222	microsoft	5	0	1900	2.1	1	zycah14770wdz118	20190104
5223	jd	15	2	6500	2.2	2	fxzcx14568hch173	20190104
5224	chanel	5	0	9100	5.1	1	ffhye14979fgz187	20190104
5225	maotai	15	6	1200	1.2	2	yhmzd14707hyw133	20190104
5226	lv	5	0	7700	2.2	2	fgehw13982afw195	20190104
5227	huawei	5	0	8200	5.1	1	hxgaw15468hec164	20190104
5228	lv	15	2	7000	2.2	1	mxdzh14268ecg190	20190104
5229	xiaomi	15	2	3900	1.1	1	dgfmc14428zcd162	20190104
5230	maotai	15	2	8800	2.2	1	fyzfa15005gxf194	20190104
5231	pinduoduo	5	0	3000	1.1	2	dxhhx15812mah168	20190104
5232	chanel	5	0	8500	3.1	1	zexhz14710dag190	20190104
5233	huawei	15	2	7000	1.1	1	excah15811agc122	20190104
5234	xiaomi	15	1	7000	1.1	1	mddah14845mga149	20190104
5235	apple	15	2	4500	2.1	1	fxzcx14568hch173	20190104
5236	pinduoduo	15	4	1900	2.2	1	eefed14942ezz194	20190104
5237	pinduoduo	15	1	7300	2.1	1	cexcf15521mgx171	20190104
5238	pinduoduo	15	5	9200	1.2	1	afhca15773axh186	20190104
5239	lv	5	0	4500	2.1	2	gxwhd15304mdf185	20190104
5240	xiaomi	15	4	7700	2.2	1	gmgew15302xaz170	20190104
5241	pinduoduo	5	0	3300	1.1	2	dcfzz15090xyy143	20190104
5242	xiaomi	15	5	7000	1.1	2	fxzww14845cwd171	20190104
5243	huawei	5	0	6100	1.2	2	hgyyw15404xag175	20190104
5244	jd	15	5	3600	2.1	1	zhdwy13906mxe194	20190104
5245	maotai	5	0	2400	3.1	1	wyfzh14050fhc139	20190104
5246	maotai	15	2	1900	1.1	1	mwwgh15507gmf129	20190104
5247	apple	15	4	3000	1.1	2	gzmgg14689fxx164	20190104
5248	jd	15	5	8500	2.1	1	azdhf15776xcg173	20190104
5249	lv	5	0	2200	1.1	1	ahwmy14960czy137	20190104
5250	chanel	5	0	2200	4.1	2	fzyca13901cxa132	20190104
5251	chanel	15	1	4500	1.2	1	xxaeh14122cgg175	20190104
5252	jd	5	0	6500	6.1	2	mwwgh15507gmf129	20190104
5253	baojie	15	2	7000	2.1	1	zyaze15745wyx132	20190104
5254	baojie	5	0	3300	4.1	2	dcxfa15244ydy155	20190104
5255	pinduoduo	5	0	4200	4.1	1	afdyy15699xfd140	20190104
5256	lv	15	1	2400	2.1	2	ezdyz14880exd151	20190104
5257	jd	5	0	1100	1.2	2	mxccz14475gca194	20190104
5258	huawei	15	4	9100	1.1	2	ehffm15331add175	20190104
5259	xiaomi	15	4	6400	1.2	2	gxhmc14807xdd136	20190104
5260	jd	15	1	7900	2.1	1	hhhaw14165eaw141	20190104
5261	huawei	5	0	4200	4.1	1	zfmaa15649aeg136	20190104
5262	maotai	15	4	5200	1.2	2	gcefz14697hme160	20190104
5263	maotai	5	0	2900	1.2	2	wzzzf14475whm143	20190104
5264	huawei	15	6	6500	1.1	1	fdmzy14622fhd151	20190104
5265	chanel	15	1	3600	1.2	1	gwhgc15110ahh173	20190104
5266	pinduoduo	15	1	9000	2.1	2	dyffy14906azm133	20190104
5267	microsoft	15	1	8700	1.2	1	cwawd14617xdx139	20190104
5268	lv	5	0	8700	1.2	1	afhca15773axh186	20190104
5269	maotai	5	0	4200	2.2	1	mzewx15047xgd186	20190104
5270	chanel	5	0	1900	2.1	1	zdmxh15263wfe141	20190104
5271	maotai	15	5	5800	2.1	1	yaxag13793hdw128	20190104
5272	microsoft	5	0	9000	1.1	1	fzyca13901cxa132	20190104
5273	chanel	5	0	7000	5.1	2	yzhhh15064ccf136	20190104
5274	lv	15	6	1200	1.1	1	dmfdw14700gyz147	20190104
5275	maotai	5	0	7000	3.1	2	gdmgx14403fmh171	20190104
5276	maotai	5	0	6100	2.1	2	zxdmm15803ggd121	20190104
5277	maotai	15	2	5200	1.1	1	awmdw14746zdm133	20190104
5278	chanel	5	0	8200	1.2	1	xhezy14218mxa190	20190104
5279	xiaomi	5	0	8800	3.1	1	gezzd15820hcf177	20190104
5280	lv	5	0	8200	3.1	2	yfxmh14392gay145	20190104
5281	lv	5	0	1000	6.1	1	wymwg15088ezm161	20190104
5282	microsoft	5	0	1200	2.2	1	zexhz14710dag190	20190104
5283	jd	5	0	0000	1.2	2	ccdya14177edg195	20190104
5284	lv	5	0	8500	3.1	1	eafhc13976zca177	20190104
5285	baojie	15	2	6100	2.2	1	zgcze14674afc161	20190104
5286	chanel	15	6	7900	1.2	1	cydfg14156xea169	20190104
5287	apple	5	0	8700	1.2	1	dwefe14698gmm152	20190104
5288	microsoft	5	0	3900	4.1	2	hccca14079ayc121	20190104
5289	chanel	15	2	2200	2.2	1	cchmf14138gax144	20190104
5290	maotai	5	0	2400	1.2	1	zgyax14648xhd167	20190104
5291	huawei	5	0	7000	6.1	1	waefm13951haz128	20190104
5292	apple	15	5	1000	1.2	1	fzyca13901cxa132	20190104
5293	jd	15	6	1900	2.1	2	fhzwd15251xfw128	20190104
5294	apple	15	4	1000	1.2	2	ahagw13917cdz130	20190104
5295	huawei	15	3	3900	1.1	2	cfwgy13796afa151	20190104
5296	chanel	5	0	8500	4.1	1	gmfzh14677fwy153	20190104
5297	baojie	5	0	8700	4.1	1	zfmaa15649aeg136	20190104
5298	pinduoduo	5	0	1600	3.1	1	axagf15202fwf168	20190104
5299	microsoft	15	6	4500	1.1	2	afexd14086eca117	20190104
5300	pinduoduo	15	6	2900	2.1	1	adfzh15089xxz160	20190104
5301	huawei	5	0	5800	1.2	1	agacg15677gfz121	20190104
5302	baojie	15	5	3600	1.2	1	yfdmz15394dfg117	20190104
5303	baojie	15	2	2600	1.1	2	cexcf15521mgx171	20190104
5304	jd	15	1	8500	2.1	1	azxzd14579fxe153	20190104
5305	apple	15	3	3600	2.1	1	hzgmx14783gee148	20190104
5306	microsoft	15	6	1000	2.1	1	xhezy14218mxa190	20190104
5307	apple	15	5	5800	2.1	1	czzgm14658dyy153	20190104
5308	maotai	15	4	1200	1.1	2	femhc15648wcg173	20190104
5309	microsoft	5	0	7700	4.1	1	gezzd15820hcf177	20190104
5310	chanel	15	4	7000	1.1	1	gxxac15718cfm143	20190104
5311	maotai	15	1	4900	2.2	2	gdxmg15093zzx187	20190104
5312	lv	15	3	9000	2.2	1	zgyax14648xhd167	20190104
5313	pinduoduo	15	3	6500	2.2	2	gezdd14020afg156	20190104
5314	apple	15	6	4500	2.1	2	ahffx13938cfa193	20190104
5315	baojie	5	0	4200	4.1	2	czgwz15052zfw174	20190104
5316	chanel	5	0	6100	3.1	2	xfcdf15299zad180	20190104
5317	chanel	15	4	5200	1.1	1	egfca13875ycg186	20190104
5318	pinduoduo	5	0	3300	1.2	1	mzzmf14110aza186	20190104
5319	pinduoduo	5	0	0000	2.2	1	ayyff14154fxa130	20190104
5320	apple	5	0	1200	4.1	1	adfzh15089xxz160	20190104
5321	pinduoduo	15	6	5200	2.1	2	ezadg13934dyx117	20190104
5322	huawei	15	5	9200	2.2	2	yfead14594feh142	20190104
5323	baojie	5	0	8500	3.1	1	afexd14086eca117	20190104
5324	maotai	5	0	4200	6.1	1	cyzmx13883zgh124	20190104
5325	huawei	15	1	3900	1.2	1	zzyhm14865dey176	20190104
5326	jd	15	6	3600	1.2	1	ewwaz14416xyc157	20190104
5327	jd	15	2	3000	1.2	1	xfecy15280zdc167	20190104
5328	jd	15	6	8500	1.1	2	aezeg15104gcc138	20190104
5329	jd	5	0	2600	1.1	1	wahxw14114cmx188	20190104
5330	maotai	15	6	8200	2.2	2	mezwh14602exc150	20190104
5331	apple	15	4	2900	1.2	2	wxcye14884dee164	20190104
5332	lv	15	2	9000	1.2	2	zexhz14710dag190	20190104
5333	lv	15	5	7700	2.1	1	wgyed14822dfd179	20190104
5334	maotai	5	0	8200	1.1	2	fhgfm15525fmc186	20190104
5335	baojie	5	0	0000	1.1	1	ddxez15174ehw173	20190104
5336	jd	5	0	9000	6.1	1	dfaxc14419gdd156	20190104
5337	jd	15	2	5800	2.2	1	hwdfa15786gcx133	20190104
5338	xiaomi	15	3	4500	1.1	2	adzac14294fff138	20190104
5339	huawei	5	0	8800	2.1	1	xfecy15280zdc167	20190104
5340	apple	15	2	8800	2.2	2	dfaxc14419gdd156	20190104
5341	xiaomi	15	5	1900	2.1	1	whehg14553gwz179	20190104
5342	xiaomi	5	0	1900	1.2	1	fzfhe15070zey126	20190104
5343	jd	5	0	6500	5.1	1	hxmhe14970zye154	20190104
5344	lv	5	0	4500	2.2	2	camez15549axw141	20190104
5345	maotai	5	0	8500	5.1	2	wgyed14822dfd179	20190104
5346	jd	5	0	1600	4.1	1	xedxy15775zza153	20190104
5347	lv	15	6	7700	1.1	1	ewgfx14853xyh149	20190104
5348	chanel	5	0	6500	6.1	1	ehffm15331add175	20190104
5349	chanel	5	0	4200	3.1	1	dfcwh15761dhz150	20190104
5350	chanel	5	0	2400	1.1	1	hygyc15035cgf139	20190104
5351	baojie	15	6	9000	1.2	1	awaze15666dxz122	20190104
5352	xiaomi	15	5	8500	2.2	2	xgzyg13868wac168	20190104
5353	apple	15	5	8700	2.2	1	dgfmz14553cmd190	20190104
5354	huawei	5	0	3600	1.2	1	ymdyx15469hgg133	20190104
5355	apple	5	0	3300	1.1	1	exdfe15552amy119	20190104
5356	chanel	5	0	0000	1.1	2	myafz15351yzz123	20190104
5357	chanel	5	0	2600	2.2	1	xhxge15732zyf141	20190104
5358	microsoft	15	3	2400	2.2	1	yfgwf14534wwg124	20190104
5359	huawei	5	0	2200	5.1	1	agdcd14915zfy190	20190104
5360	huawei	15	2	3000	1.1	1	fmfmw15466mwa188	20190104
5361	chanel	15	1	5200	2.1	1	agacg15677gfz121	20190104
5362	baojie	15	6	7300	2.2	2	mmcyc15578eyh193	20190104
5363	jd	5	0	6500	2.2	2	awaze15666dxz122	20190104
5364	pinduoduo	15	6	8200	2.2	2	wzaah14944fay123	20190104
5365	apple	15	4	6500	2.1	2	dghwz14969awf139	20190104
5366	apple	5	0	8500	5.1	2	mxdzh14268ecg190	20190104
5367	chanel	5	0	4200	2.1	1	hgzee14908fgf187	20190104
5368	pinduoduo	5	0	6100	3.1	1	yafhe15831cwm182	20190104
5369	lv	15	4	6500	1.1	1	yezem14423gxa142	20190104
5370	lv	15	2	2900	2.1	1	meaxc14985mhd170	20190104
5371	pinduoduo	15	4	4500	1.1	1	zefmx14855fef138	20190104
5372	huawei	5	0	1000	2.1	1	mxdzh14268ecg190	20190104
5373	lv	15	1	5800	2.2	1	mhgez15426xdd126	20190104
5374	pinduoduo	15	6	9200	2.2	2	mezwh14602exc150	20190104
5375	jd	15	5	6100	2.2	2	hzhaa14313awe150	20190104
5376	chanel	15	1	2900	1.1	2	yzwxa15209cdw147	20190104
5377	maotai	5	0	7700	1.2	1	hdcef15449hhf127	20190104
5378	huawei	5	0	4200	5.1	1	gxdmh13932gww142	20190104
5379	jd	15	4	1900	2.2	1	ymzgd14952dhe135	20190104
5380	baojie	15	6	1600	2.2	1	zzacx14232yxm181	20190104
5381	chanel	5	0	6500	4.1	1	xahza14508agy178	20190104
5382	huawei	15	5	0000	1.2	2	ezgmz14857xmd119	20190104
5383	microsoft	15	3	5200	2.1	1	yzxwd15674fyz125	20190104
5384	xiaomi	15	1	1200	2.2	1	yyhxz14898fmz194	20190104
5385	baojie	15	6	8500	2.2	1	wyfzh14050fhc139	20190104
5386	baojie	15	4	9200	2.2	1	hzwag13906xex157	20190104
5387	apple	15	2	4900	2.1	2	awaze15666dxz122	20190104
5388	huawei	5	0	7300	3.1	1	mxdzh14268ecg190	20190104
5389	chanel	15	2	8500	2.1	1	cdgze14332awy173	20190104
5390	microsoft	15	3	7900	2.2	1	fdmzy14622fhd151	20190104
5391	maotai	15	6	6400	1.1	2	gzwez13966aah193	20190104
5392	maotai	15	1	7300	1.1	1	mcywc14699fgy182	20190104
5393	huawei	15	3	1000	2.1	1	cfewd15597acy124	20190104
5394	xiaomi	15	6	2900	1.1	1	zgyax14648xhd167	20190104
5395	baojie	15	1	2400	2.2	1	mfcgm15753amd157	20190104
5396	pinduoduo	15	2	6100	2.2	2	aeyzy14365emc158	20190104
5397	lv	15	5	4900	2.1	1	yzxwd15674fyz125	20190104
5398	xiaomi	5	0	4500	5.1	2	adzac14294fff138	20190104
5399	chanel	15	4	9100	1.1	1	yfyga15026waw155	20190104
5400	huawei	5	0	3600	2.1	1	afega14384adz179	20190104
5401	pinduoduo	15	1	2600	1.2	1	gzmgg14689fxx164	20190104
5402	microsoft	15	6	6100	1.2	1	cmcmw14367zcm195	20190104
5403	maotai	5	0	4900	2.2	1	dfcwh15761dhz150	20190104
5404	apple	5	0	9000	1.1	1	myafz15351yzz123	20190104
5405	maotai	5	0	9100	5.1	1	dcgwa15297yxd143	20190104
5406	apple	15	2	8200	1.2	1	ezeme14454wzx163	20190104
5407	apple	15	1	8200	2.2	1	wayha14439mgc142	20190104
5408	jd	15	5	3300	1.1	1	eyzde15222fhc138	20190104
5409	huawei	5	0	1000	5.1	1	aegdz13997cdf174	20190104
5410	microsoft	15	1	8200	1.2	2	mwezm15560mch133	20190104
5411	microsoft	15	6	6500	2.1	1	hxmdz14570way192	20190104
5412	baojie	5	0	6400	2.2	1	xedxy15775zza153	20190104
5413	lv	5	0	8700	4.1	1	dezhg15461weh120	20190104
5414	microsoft	15	2	7700	1.2	2	azmag15810hca173	20190104
5415	baojie	15	6	7700	2.1	1	hxgaw15468hec164	20190104
5416	pinduoduo	5	0	8800	2.1	2	emgaz15203cfe126	20190104
5417	huawei	5	0	9000	5.1	1	yfyga15026waw155	20190104
5418	chanel	5	0	3900	3.1	2	mgmfa15192dax127	20190104
5419	apple	15	6	4900	1.2	2	zmagx14416fmc164	20190104
5420	microsoft	5	0	7300	1.2	1	yfdee15279hfh160	20190104
5421	chanel	5	0	0000	1.1	1	wzwzc14957dyf126	20190104
5422	jd	15	6	7000	2.1	1	ydfgd14820yaf175	20190104
5423	apple	5	0	3300	4.1	1	aefcd14877hfy173	20190104
5424	huawei	15	2	1100	1.2	1	yamhm14370zem188	20190104
5425	chanel	15	4	9100	1.1	1	cdgze14332awy173	20190104
5426	maotai	5	0	8800	2.1	1	zfyfg15466xfc195	20190104
5427	apple	15	1	4500	1.1	2	ymzgd14952dhe135	20190104
5428	pinduoduo	15	5	3000	2.1	2	zhamg14139cdd117	20190104
5429	maotai	5	0	2200	2.2	1	xchhg13898wmm163	20190104
5430	lv	15	5	2400	1.1	2	zcgce15760ahm143	20190104
5431	huawei	15	1	9100	1.2	1	gmmgf14878adc152	20190104
5432	apple	5	0	7700	2.1	1	wfadw13910zxd171	20190104
5433	baojie	15	1	3300	1.1	1	fhzwd15251xfw128	20190104
5434	pinduoduo	5	0	3600	1.1	1	wgfza13860zdf191	20190104
5435	xiaomi	15	5	4900	2.1	1	ehdmz14565gyg150	20190104
5436	microsoft	5	0	5500	6.1	2	chzfd15437eaz160	20190104
5437	maotai	5	0	1600	1.2	2	xwedg15711ece148	20190104
5438	lv	5	0	7000	6.1	1	ewwaz14416xyc157	20190104
5439	microsoft	15	2	5500	1.2	2	xdcee14268xhe191	20190104
5440	baojie	5	0	1200	5.1	2	wdwzf15754xwf191	20190104
5441	apple	5	0	6400	1.2	1	wdwyx15788ywm130	20190104
5442	jd	15	1	3000	1.1	2	zdafa14077xhe188	20190104
5443	xiaomi	15	2	8500	2.1	1	ezxzh14302wzg195	20190104
5444	pinduoduo	15	6	8800	1.2	2	dfaxc14419gdd156	20190104
5445	jd	5	0	3000	2.2	1	fydmc15785feh149	20190104
5446	maotai	15	5	6100	1.2	1	wfdee13842mzg160	20190104
5447	baojie	15	6	6500	2.2	1	fwafg13984zey165	20190104
5448	huawei	15	5	7300	2.2	2	yfdee15279hfh160	20190104
5449	huawei	15	4	4500	2.1	2	zydmz14286eyg185	20190104
5450	pinduoduo	15	5	4500	2.2	1	zcgce15760ahm143	20190104
5451	baojie	15	4	2600	1.2	2	gzmgg14689fxx164	20190104
5452	xiaomi	15	3	3000	2.2	1	yehwc15043wae142	20190104
5453	baojie	15	3	4900	1.2	1	cdcyy15516ecx165	20190104
5454	xiaomi	15	3	9200	2.2	1	yhezx14011ema159	20190104
5455	jd	5	0	8800	5.1	2	wzwzc14957dyf126	20190104
5456	pinduoduo	15	4	0000	1.2	1	hzhae14017gdx120	20190104
5457	xiaomi	5	0	5200	1.1	1	agacg15677gfz121	20190104
5458	pinduoduo	5	0	2600	3.1	1	ydfgd14820yaf175	20190104
5459	baojie	15	4	0000	1.1	1	zfmaa15649aeg136	20190104
5460	maotai	15	3	2400	2.1	1	ghggm13963fah140	20190104
5461	huawei	15	3	7300	1.1	1	xwedg15711ece148	20190104
5462	apple	15	3	6500	2.2	1	yfead14594feh142	20190104
5463	xiaomi	15	6	9000	2.2	2	fgyaz14143hdy186	20190104
5464	lv	15	4	8700	2.2	1	gzeyh13794xda153	20190104
5465	xiaomi	5	0	4200	4.1	1	adddz13838haz128	20190104
5466	huawei	15	5	8200	2.1	2	ywycx15547gec145	20190104
5467	jd	5	0	1900	2.2	1	addcg15782yma145	20190104
5468	xiaomi	5	0	1200	4.1	1	zyega14328gax175	20190104
5469	lv	5	0	4200	2.2	1	xdcee14268xhe191	20190104
5470	microsoft	5	0	2600	1.1	2	ydfgd14820yaf175	20190104
5471	huawei	5	0	7300	2.1	2	czgwz15052zfw174	20190104
5472	huawei	15	5	1600	1.1	2	eafhc13976zca177	20190104
5473	huawei	15	6	2400	1.1	2	zehyh14655wfx126	20190104
5474	jd	5	0	2900	1.2	1	wdwzf15754xwf191	20190104
5475	microsoft	5	0	1900	1.1	2	emcee14346wmz188	20190104
5476	baojie	15	1	8200	2.2	1	ehhwh13896hfm194	20190104
5477	apple	5	0	8700	6.1	2	ahfdx15160cgz122	20190104
5478	jd	15	5	5800	1.2	1	wdczh15660efg155	20190104
5479	pinduoduo	5	0	6500	5.1	1	egfca13875ycg186	20190104
5480	xiaomi	15	5	8200	2.1	1	ymdyx15469hgg133	20190104
5481	apple	5	0	0000	3.1	2	hceyg15409wmm186	20190104
5482	apple	5	0	2200	3.1	1	dcggg13805eme162	20190104
5483	baojie	5	0	2200	1.1	2	gcaaa14686edd166	20190104
5484	microsoft	15	6	9200	1.2	1	xezhz14919gcc119	20190104
5485	huawei	5	0	6500	2.2	1	ewgfx14853xyh149	20190104
5486	jd	15	3	1000	1.1	2	fyzfa15005gxf194	20190104
5487	microsoft	15	3	1000	2.1	1	hceyg15409wmm186	20190104
5488	baojie	5	0	2400	2.1	2	mezwh14602exc150	20190104
5489	xiaomi	5	0	1600	1.2	1	eagca15094hca118	20190104
5490	maotai	15	5	1200	1.1	1	dfaxc14419gdd156	20190104
5491	pinduoduo	15	6	2600	2.2	1	zyegy15760xdx144	20190104
5492	lv	5	0	5800	3.1	2	yfdmz15394dfg117	20190104
5493	apple	5	0	7000	3.1	1	adamx14554ahy128	20190104
5494	pinduoduo	5	0	8200	2.1	1	yyhxz14898fmz194	20190104
5495	huawei	5	0	3900	5.1	1	aefcd14877hfy173	20190104
5496	apple	5	0	2900	5.1	2	yyczw15569cea189	20190104
5497	jd	15	5	6400	2.2	1	hdahx14042ghh127	20190104
5498	xiaomi	5	0	0000	6.1	1	meaxc14985mhd170	20190104
5499	microsoft	15	5	8200	1.1	2	exdfe15552amy119	20190104
5500	jd	15	6	7700	2.1	1	meymx14053wmg176	20190104
5501	maotai	15	4	7900	1.1	2	fgyff15794fch148	20190104
5502	lv	5	0	8700	6.1	2	zcgce15760ahm143	20190104
5503	chanel	5	0	5200	6.1	2	gwhgc15110ahh173	20190104
5504	chanel	15	6	2400	2.2	1	aeyzy14365emc158	20190104
5505	huawei	5	0	3600	2.1	2	excah15811agc122	20190104
5506	pinduoduo	15	6	8200	1.2	1	fcmew14836dfx120	20190104
5507	maotai	15	3	1600	1.2	2	dzeaz15490emm162	20190104
5508	huawei	5	0	3600	1.2	1	medwd14506mym187	20190104
5509	lv	5	0	2600	3.1	1	amddg14183wzf127	20190104
5510	xiaomi	5	0	6100	6.1	2	yfead14594feh142	20190104
5511	jd	5	0	1100	5.1	1	gmxxy14482hha194	20190104
5512	lv	15	3	6500	2.2	2	zyega14328gax175	20190104
5513	xiaomi	5	0	3600	2.1	1	wgyed14822dfd179	20190104
5514	pinduoduo	15	6	7900	1.1	1	zexhz14710dag190	20190104
5515	pinduoduo	5	0	8500	1.1	2	yadzw15275gdw173	20190104
5516	maotai	15	1	3600	1.2	1	mddah14845mga149	20190104
5517	apple	15	3	2200	1.2	1	mfxda14919fzd177	20190104
5518	xiaomi	5	0	6500	1.1	1	fmfmw15466mwa188	20190104
5519	microsoft	5	0	8500	2.2	2	hxmdz14570way192	20190104
5520	baojie	5	0	4200	2.1	1	fhfcz15354xfd177	20190104
5521	maotai	5	0	8200	1.2	2	cccfh14592gcg181	20190104
5522	jd	5	0	9100	5.1	1	hmcmx15017wwf190	20190104
5523	chanel	15	2	8500	1.2	2	hdcef15449hhf127	20190104
5524	baojie	15	6	9000	1.2	1	fhfcz15354xfd177	20190104
5525	microsoft	5	0	5200	5.1	1	hwcwa14121gzg179	20190104
5526	jd	5	0	2200	2.1	2	ghggm13963fah140	20190104
5527	xiaomi	15	6	7000	1.1	1	gcwff14803gze143	20190104
5528	chanel	15	5	9100	1.2	1	eefed14942ezz194	20190104
5529	apple	5	0	3300	2.2	1	ycfhw14875fwc169	20190104
5530	microsoft	5	0	8800	2.1	1	dmfdx15245mag125	20190104
5531	pinduoduo	5	0	5200	1.1	2	gfawz14258fhe158	20190104
5532	huawei	15	2	1000	2.2	1	cmzhy14412yhh189	20190104
5533	chanel	15	1	4200	2.2	1	dezhg15461weh120	20190104
5534	xiaomi	15	5	7000	1.2	2	fegxw15603ezw137	20190104
5535	xiaomi	15	4	2200	1.2	1	hzgmx14783gee148	20190104
5536	chanel	15	1	9100	2.2	1	dyffy14906azm133	20190104
5537	microsoft	15	1	5500	2.1	1	adddz13838haz128	20190104
5538	baojie	15	4	6100	1.1	2	cmcmw14367zcm195	20190104
5539	jd	5	0	6500	2.2	1	ycfhw14875fwc169	20190104
5540	lv	15	1	7000	1.2	2	myafz15351yzz123	20190104
5541	baojie	5	0	4900	2.2	1	fgyaz14143hdy186	20190104
5542	chanel	5	0	2900	2.1	2	fegxw15603ezw137	20190104
5543	maotai	15	1	8800	2.2	1	awaze15666dxz122	20190104
5544	jd	5	0	6100	2.1	1	gmfzh14677fwy153	20190104
5545	chanel	5	0	2900	4.1	2	yyycy14933afz143	20190104
5546	jd	15	5	3600	2.1	1	mxdzh14268ecg190	20190104
5547	huawei	5	0	5500	1.2	1	ehwfe13924cxx167	20190104
5548	apple	15	3	0000	2.1	1	adfzh15089xxz160	20190104
5549	pinduoduo	5	0	3600	6.1	1	hxmdz14570way192	20190104
5550	lv	15	3	7300	2.1	2	cydfg14156xea169	20190104
5551	jd	5	0	3300	3.1	1	yxexg14942eee128	20190104
5552	lv	15	3	0000	2.2	2	xfcdf15299zad180	20190104
5553	maotai	15	6	5800	2.2	1	dcfyy13980ccd132	20190104
5554	maotai	15	5	6500	2.1	2	chzfd15437eaz160	20190104
5555	lv	5	0	3000	4.1	1	aaade15247hfd145	20190104
5556	maotai	15	5	9000	1.2	2	gxedm14795zfd126	20190104
5557	xiaomi	15	3	8700	1.1	1	whehg14553gwz179	20190104
5558	microsoft	15	5	2900	1.2	1	ahffx13938cfa193	20190104
5559	microsoft	15	6	3600	2.1	2	eazmc15595aff171	20190104
5560	lv	5	0	3300	5.1	1	zgyax14648xhd167	20190104
5561	lv	5	0	5200	4.1	1	hhwyz15305dxe186	20190104
5562	pinduoduo	5	0	6500	4.1	2	cahem15196hxe179	20190104
5563	xiaomi	15	4	1900	2.1	1	gydze13785wfz161	20190104
5564	baojie	5	0	6500	2.1	1	cwmdf14571yhx167	20190104
5565	xiaomi	15	4	3900	1.1	1	mczfe15043ece173	20190104
5566	apple	15	3	9000	2.1	1	cahem15196hxe179	20190104
5567	jd	5	0	8500	1.1	2	cdyzm13892yec164	20190104
5568	jd	5	0	2600	5.1	1	femhc15648wcg173	20190104
5569	xiaomi	15	1	6500	2.1	1	gxhmc14807xdd136	20190104
5570	pinduoduo	5	0	5800	4.1	2	egaem14421dye172	20190104
5571	xiaomi	5	0	8500	1.2	1	zefmx14855fef138	20190104
5572	chanel	5	0	1100	5.1	1	azdhf15776xcg173	20190104
5573	lv	15	6	8200	1.1	2	wwzdm14028eem126	20190104
5574	apple	5	0	9000	1.2	2	fyzfa15005gxf194	20190104
5575	microsoft	5	0	2400	2.1	1	ayyff14154fxa130	20190104
5576	maotai	5	0	9000	1.2	1	yhezx14011ema159	20190104
5577	pinduoduo	15	5	1900	2.2	1	fgyaz14143hdy186	20190104
5578	pinduoduo	15	3	7900	1.1	1	zzacx14232yxm181	20190104
5579	jd	5	0	0000	3.1	1	hghmf14684xmx124	20190104
5580	microsoft	5	0	9100	1.2	2	dmfdw14700gyz147	20190104
5581	pinduoduo	15	6	1200	2.1	1	gcwhf15055fyc160	20190104
5582	pinduoduo	15	1	8700	1.2	2	dcdfy15231ycd157	20190104
5583	maotai	15	4	2200	2.1	2	amddg14183wzf127	20190104
5584	pinduoduo	5	0	9000	1.2	2	dcdfy15231ycd157	20190104
5585	lv	5	0	6500	3.1	2	ahgcx13839gdw123	20190104
5586	jd	5	0	9200	4.1	1	gmgew15302xaz170	20190104
5587	jd	15	4	6100	2.2	1	mfxda14919fzd177	20190104
5588	pinduoduo	15	6	8700	2.2	2	gmgew15302xaz170	20190104
5589	baojie	15	6	0000	1.2	2	mmmzf15594yzy120	20190104
5590	apple	15	5	4500	1.2	1	axagf15202fwf168	20190104
5591	baojie	15	5	9100	2.2	2	hghmf14684xmx124	20190104
5592	huawei	15	2	1000	1.1	1	zfyfg15466xfc195	20190104
5593	baojie	5	0	6400	3.1	2	caggz15528fee178	20190104
5594	baojie	15	3	5800	2.2	2	efawc15005xah177	20190104
5595	apple	5	0	4900	1.2	1	yzxwd15674fyz125	20190104
5596	pinduoduo	5	0	4900	2.1	2	azdhf15776xcg173	20190104
5597	chanel	15	5	2900	1.2	1	eagca15094hca118	20190104
5598	jd	15	4	2900	2.2	2	cwcmw14360dxw123	20190104
5599	apple	5	0	3000	1.1	1	xwmyy14013fyz159	20190104
5600	huawei	15	4	9100	1.1	1	mmcyc15578eyh193	20190104
5601	jd	5	0	2200	6.1	1	ccyed15784dhw194	20190104
5602	huawei	5	0	8700	1.2	1	mzzmf14110aza186	20190104
5603	chanel	15	6	3300	1.1	1	gazwc15044gmx178	20190104
5604	xiaomi	15	6	7000	2.1	1	fhfcz15354xfd177	20190104
5605	pinduoduo	15	1	8700	2.2	1	xgwwg15109xgz117	20190104
5606	chanel	5	0	1000	2.1	2	hzwag13906xex157	20190104
5607	huawei	5	0	4200	5.1	1	emcee14346wmz188	20190104
5608	lv	15	4	7000	2.2	1	gcgyz15807hfm177	20190104
5609	huawei	15	2	2200	1.1	1	gcaaa14686edd166	20190104
5610	apple	15	5	8800	2.1	2	yehwc15043wae142	20190104
5611	microsoft	5	0	5500	2.1	2	gzwez13966aah193	20190104
5612	lv	5	0	2400	4.1	1	meymx14053wmg176	20190104
5613	pinduoduo	15	1	9200	1.2	1	eazmc15595aff171	20190104
5614	apple	15	1	2400	1.2	1	eyefh15146egg127	20190104
5615	microsoft	15	6	4900	2.1	1	fgyff15794fch148	20190104
5616	maotai	15	2	5800	1.1	1	fzfhe15070zey126	20190104
5617	jd	15	2	0000	1.1	2	zyaze15745wyx132	20190104
5618	pinduoduo	5	0	4200	1.1	2	dyffy14906azm133	20190104
5619	xiaomi	15	2	7300	1.2	1	dezhg15461weh120	20190104
5620	baojie	5	0	4900	5.1	2	dmhfh14707zcy174	20190104
5621	jd	15	3	3300	2.2	1	fhyzh14763fyw141	20190104
5622	pinduoduo	5	0	3600	2.2	1	hhhaw14165eaw141	20190104
5623	baojie	15	2	1900	2.1	1	axxyh14236wmm194	20190104
5624	apple	5	0	4900	2.2	1	cmcmw14367zcm195	20190104
5625	maotai	15	1	1100	2.2	1	gcwff14803gze143	20190104
5626	microsoft	5	0	1200	2.1	1	ezeme14454wzx163	20190104
5627	jd	5	0	1000	3.1	1	ehdmz14565gyg150	20190104
5628	huawei	15	5	2400	2.1	2	mayhc15325fcf138	20190104
5629	baojie	15	1	3000	2.1	1	dzcgf14536cwm134	20190104
5630	microsoft	15	3	9200	2.1	1	myafz15351yzz123	20190104
5631	jd	5	0	1600	6.1	2	mfxda14919fzd177	20190104
5632	apple	15	1	3900	1.2	1	dcxfa15244ydy155	20190104
5633	chanel	5	0	4900	3.1	1	fmcyc15279gde178	20190104
5634	chanel	15	6	3900	2.1	2	xcfem15681hfz167	20190104
5635	microsoft	15	4	1100	1.2	1	egfzd14259fhm188	20190104
5636	apple	15	1	1100	1.2	1	fzyax15029cfg155	20190104
5637	xiaomi	5	0	4200	3.1	1	gzwez13966aah193	20190104
5638	jd	15	5	6500	1.1	1	hcymx14962whh177	20190104
5639	huawei	5	0	3900	1.2	2	dzzgm14017egh121	20190104
5640	jd	15	4	1000	1.2	1	ehhwh13896hfm194	20190104
5641	lv	15	4	7000	2.2	1	ayyff14154fxa130	20190104
5642	pinduoduo	5	0	8700	2.2	2	yhezx14011ema159	20190104
5643	microsoft	15	5	8500	2.1	1	cccfh14592gcg181	20190104
5644	pinduoduo	15	3	9000	1.2	2	mayhc15325fcf138	20190104
5645	huawei	5	0	6500	3.1	1	gcaaa14686edd166	20190104
5646	pinduoduo	5	0	9200	4.1	2	dfaxc14419gdd156	20190104
5647	microsoft	15	1	1000	2.2	1	wgmaf15651hxz194	20190104
5648	baojie	15	3	7900	2.1	1	zycah14770wdz118	20190104
5649	apple	5	0	2400	4.1	2	egfzd14259fhm188	20190104
5650	jd	15	2	6100	1.1	1	wdczh15660efg155	20190104
5651	huawei	15	3	6500	1.2	1	dxmxy14224dew193	20190104
5652	pinduoduo	15	6	1900	1.2	2	axfwd14739mwx177	20190104
5653	baojie	5	0	4200	3.1	2	dfcwh15761dhz150	20190104
5654	baojie	15	5	8500	1.2	2	cewmd15478ayg154	20190104
5655	baojie	15	2	7300	1.1	1	zgggg14553wgc159	20190104
5656	maotai	5	0	6500	4.1	2	cwcmw14360dxw123	20190104
5657	chanel	15	3	4500	2.2	1	afdyy15699xfd140	20190104
5658	lv	5	0	8500	3.1	1	mgmfa15192dax127	20190104
5659	chanel	15	2	3300	2.2	1	mzewx15047xgd186	20190104
5660	lv	5	0	6100	1.2	2	fyzfa15005gxf194	20190104
5661	lv	5	0	2200	5.1	1	dgfmz14553cmd190	20190104
5662	microsoft	5	0	7300	1.2	1	fzyax15029cfg155	20190104
5663	chanel	5	0	4200	4.1	1	xxzdx15638axx132	20190104
5664	pinduoduo	5	0	7300	6.1	1	fgehw13982afw195	20190104
5665	baojie	15	5	0000	1.2	1	yczzm15192wdy126	20190104
5666	baojie	5	0	5500	4.1	1	ywycx15547gec145	20190104
5667	chanel	5	0	6100	3.1	2	xdcee14268xhe191	20190104
5668	pinduoduo	15	6	6400	2.2	1	ehhwh13896hfm194	20190104
5669	chanel	15	4	0000	2.1	2	ehmge15617ffg166	20190104
5670	pinduoduo	15	4	3600	1.1	2	adfzh15089xxz160	20190104
5671	xiaomi	15	1	1200	1.2	1	wymwg15088ezm161	20190104
5672	microsoft	5	0	9000	5.1	2	geydg15742mzx176	20190104
5673	baojie	5	0	9000	5.1	1	dzcgf14536cwm134	20190104
5674	pinduoduo	5	0	9100	1.2	1	yfead14594feh142	20190104
5675	lv	5	0	1600	1.1	1	cdyzm13892yec164	20190104
5676	huawei	15	3	1600	2.1	1	dgxgx14558wca164	20190104
5677	apple	5	0	7000	4.1	2	ahghm14996zxz133	20190104
5678	huawei	5	0	8700	2.2	1	fzfhe15070zey126	20190104
5679	microsoft	15	6	5200	1.1	1	dcfzz15090xyy143	20190104
5680	apple	5	0	7300	6.1	1	azxzd14579fxe153	20190104
5681	microsoft	5	0	4900	5.1	1	aygzf15797ghw167	20190104
5682	baojie	5	0	6100	3.1	2	wdczh15660efg155	20190104
5683	lv	5	0	7900	2.1	2	mfxda14919fzd177	20190104
5684	lv	5	0	2600	4.1	1	yydhm14641amw178	20190104
5685	chanel	15	3	3300	2.2	1	dcfzz15090xyy143	20190104
5686	baojie	5	0	9000	3.1	2	yzwxa15209cdw147	20190104
5687	apple	15	6	4900	1.2	1	aaaac15759fdy189	20190104
5688	baojie	15	2	3000	1.1	2	hccca14079ayc121	20190104
5689	lv	15	1	9000	2.1	1	fwewz15387gce177	20190104
5690	microsoft	5	0	9200	4.1	1	gcgyz15807hfm177	20190104
5691	chanel	5	0	1100	2.1	2	wxcye14884dee164	20190104
5692	baojie	5	0	6500	2.2	2	yfdmz15394dfg117	20190104
5693	xiaomi	5	0	2200	4.1	1	dyayg14002axf130	20190104
5694	chanel	5	0	6400	3.1	2	wdwzf15754xwf191	20190104
5695	xiaomi	5	0	9100	1.2	2	gzwez13966aah193	20190104
5696	xiaomi	15	2	4500	1.1	1	mzzmf14110aza186	20190104
5697	chanel	5	0	4500	6.1	2	xxaeh14122cgg175	20190104
5698	microsoft	5	0	4200	5.1	2	geydg15742mzx176	20190104
5699	apple	15	1	6400	1.1	1	ehmge15617ffg166	20190104
5700	baojie	5	0	7300	1.2	2	aeyzy14365emc158	20190104
5701	chanel	5	0	5200	3.1	1	cwzch14224mzw157	20190104
5702	jd	5	0	5800	2.1	2	mxdzh14268ecg190	20190104
5703	jd	15	5	2200	1.1	2	ehwfe13924cxx167	20190104
5704	microsoft	5	0	2900	1.1	1	egcxd14951gmg142	20190104
5705	chanel	15	2	1200	2.2	2	zcaah14356xyf139	20190104
5706	xiaomi	15	2	3000	1.1	1	egaem14421dye172	20190104
5707	chanel	5	0	2200	1.2	2	gcwhf15055fyc160	20190104
5708	huawei	5	0	3900	5.1	1	fawfd14839gzg138	20190104
5709	chanel	5	0	3300	4.1	1	hhcwy14215wax143	20190104
5710	pinduoduo	15	6	9000	1.1	1	mezwh14602exc150	20190104
5711	xiaomi	15	2	6500	2.1	2	aaaac15759fdy189	20190104
5712	chanel	5	0	2400	1.2	1	yfead14594feh142	20190104
5713	chanel	5	0	5200	2.2	2	xgmeh14807fyf158	20190104
5714	baojie	15	4	2200	2.2	1	zdafa14077xhe188	20190104
5715	maotai	5	0	1600	3.1	1	hmaxa14683zmz151	20190104
5716	lv	15	4	2600	1.2	1	meymx14053wmg176	20190104
5717	chanel	5	0	4200	2.2	1	yzhhh15064ccf136	20190104
5718	huawei	15	3	3900	2.2	2	hdgax15302amx132	20190104
5719	xiaomi	15	1	2200	1.1	2	chfaw14138zwd158	20190104
5720	chanel	5	0	7000	3.1	2	yehwc15043wae142	20190104
5721	baojie	5	0	5500	2.2	1	xdcee14268xhe191	20190104
5722	microsoft	5	0	9000	5.1	2	dmfdx15245mag125	20190104
5723	pinduoduo	15	6	4500	1.2	1	wdxmf14312mgc164	20190104
5724	baojie	15	3	2400	1.1	1	fhgfm15525fmc186	20190104
5725	baojie	5	0	3600	4.1	2	hxgaw15468hec164	20190104
5726	lv	15	1	1900	2.2	2	dcggg13805eme162	20190104
5727	jd	5	0	1600	3.1	2	mfcgm15753amd157	20190104
5728	xiaomi	5	0	9100	2.2	2	xhcam14743fxa160	20190104
5729	maotai	15	5	7900	1.2	1	cdwzy14325zhd186	20190104
5730	pinduoduo	5	0	6500	1.1	1	wdczh15660efg155	20190104
5731	xiaomi	15	1	2400	2.1	2	gydze13785wfz161	20190104
5732	xiaomi	15	4	2200	2.2	1	yehwc15043wae142	20190104
5733	chanel	15	3	0000	1.2	1	geggx14492ewf165	20190104
5734	jd	5	0	8800	2.1	2	ahffx13938cfa193	20190104
5735	chanel	15	5	2400	2.2	2	xxzdx15638axx132	20190104
5736	chanel	5	0	7300	6.1	2	xezhz14919gcc119	20190104
5737	chanel	15	5	4200	1.1	2	caded14618wma160	20190104
5738	apple	5	0	5200	2.1	1	yhezx14011ema159	20190104
5739	apple	15	4	0000	2.2	1	geacc15795gzz124	20190104
5740	huawei	15	5	2400	1.1	1	mddah14845mga149	20190104
5741	maotai	15	5	9200	2.2	2	yhmzd14707hyw133	20190104
5742	microsoft	15	2	4900	2.2	1	zgxae14240ffm157	20190104
5743	pinduoduo	15	4	7000	1.1	1	gydze13785wfz161	20190104
5744	huawei	5	0	8800	5.1	1	eadfc13824fdf167	20190104
5745	xiaomi	15	6	4900	2.1	2	whccx15249hax118	20190104
5746	chanel	5	0	5500	1.1	1	ydfgd14820yaf175	20190104
5747	lv	5	0	9100	2.1	1	ezadg13934dyx117	20190104
5748	jd	5	0	5200	5.1	1	gcecz15637ghg126	20190104
5749	apple	15	3	9000	1.2	2	awfwx15641zge187	20190104
5750	baojie	15	3	2400	1.1	2	gmxea13848afc182	20190104
5751	xiaomi	15	4	8200	2.2	1	xxaeh14122cgg175	20190104
5752	jd	15	4	1100	2.2	1	mgmfa15192dax127	20190104
5753	apple	15	1	3000	1.1	1	yxxme14718dzy154	20190104
5754	jd	15	6	6100	2.2	1	ahffx13938cfa193	20190104
5755	maotai	5	0	9200	2.1	1	ewgfx14853xyh149	20190104
5756	xiaomi	15	2	7300	2.2	2	eafhc13976zca177	20190104
5757	lv	15	4	9000	2.1	2	ewfyy14145mxc148	20190104
5758	xiaomi	15	3	9200	1.2	1	afhca15773axh186	20190104
5759	apple	5	0	7000	2.2	2	aaaac15759fdy189	20190104
5760	jd	5	0	4200	4.1	2	zcgce15760ahm143	20190104
5761	huawei	15	6	9100	2.2	1	acyzc14708dad193	20190104
5762	chanel	5	0	2200	6.1	1	yehwc15043wae142	20190104
5763	xiaomi	5	0	1100	5.1	1	egfca13875ycg186	20190104
5764	microsoft	15	2	6100	2.1	1	fmfmw15466mwa188	20190104
5765	apple	5	0	5500	4.1	2	zdcay14283gyw186	20190104
5766	huawei	5	0	7000	1.2	1	mzzmf14110aza186	20190104
5767	pinduoduo	5	0	2900	1.2	1	fydww15276ehx158	20190104
5768	pinduoduo	15	2	5500	2.2	1	fmfmw15466mwa188	20190104
5769	chanel	5	0	7000	1.2	2	mghyw14917zxz142	20190104
5770	jd	15	2	7900	2.1	1	wdczh15660efg155	20190104
5771	apple	15	1	3900	2.1	1	yfyga15026waw155	20190104
5772	apple	5	0	2900	1.2	2	mayhc15325fcf138	20190104
5773	xiaomi	15	3	4200	2.2	2	zyegy15760xdx144	20190104
5774	jd	5	0	7700	2.2	2	eadfc13824fdf167	20190104
5775	jd	5	0	9200	6.1	1	hdahx14042ghh127	20190104
5776	huawei	5	0	7900	4.1	2	yzmyz14585hyh168	20190104
5777	pinduoduo	5	0	7900	4.1	1	dxhhx15812mah168	20190104
5778	pinduoduo	5	0	7900	2.2	2	zfyfg15466xfc195	20190104
5779	microsoft	15	1	2200	2.1	1	aamwg14631xwx142	20190104
5780	pinduoduo	15	3	4500	2.2	1	camez15549axw141	20190104
5781	maotai	15	2	8500	1.2	1	czwew15332zwz188	20190104
5782	xiaomi	5	0	1200	2.2	1	zcgce15760ahm143	20190104
5783	apple	15	3	1200	1.1	1	fmwmd13816amg180	20190104
5784	xiaomi	15	6	5500	2.2	1	yyyyy15009dcg129	20190104
5785	baojie	5	0	5200	1.2	1	ccdya14177edg195	20190104
5786	apple	15	4	1900	1.2	1	ezdyz14880exd151	20190104
5787	microsoft	15	1	3600	2.2	2	wahxw14114cmx188	20190104
5788	xiaomi	15	6	7000	2.1	1	yhezx14011ema159	20190104
5789	jd	5	0	3300	3.1	1	azhwg14471acf119	20190104
5790	apple	5	0	3900	1.1	1	zycah14770wdz118	20190104
5791	maotai	15	6	2200	2.1	2	mczfe15043ece173	20190104
5792	chanel	5	0	5200	1.1	1	zyega14328gax175	20190104
5793	microsoft	5	0	8500	4.1	1	excah15811agc122	20190104
5794	huawei	5	0	9200	5.1	1	fmfmw15466mwa188	20190104
5795	microsoft	5	0	2400	3.1	1	adddz13838haz128	20190104
5796	microsoft	5	0	9100	3.1	1	ahffx13938cfa193	20190104
5797	xiaomi	5	0	6500	1.1	2	wymhx15739dxd160	20190104
5798	xiaomi	5	0	1600	4.1	1	xcfem15681hfz167	20190104
5799	maotai	5	0	8800	1.1	1	xgwwg15109xgz117	20190104
5800	baojie	5	0	3600	2.1	1	fawfd14839gzg138	20190104
5801	huawei	5	0	2900	3.1	2	dmcfg15333hzw150	20190104
5802	apple	5	0	8500	1.2	2	wzmzw14493yha165	20190104
5803	chanel	15	2	1100	2.2	1	hxgcx15439ffe189	20190104
5804	maotai	5	0	6500	4.1	1	dcxfa15244ydy155	20190104
5805	chanel	5	0	1000	6.1	2	gxwhd15304mdf185	20190104
5806	apple	15	1	4200	2.1	1	myafz15351yzz123	20190104
5807	xiaomi	5	0	2600	1.2	1	dyayg14002axf130	20190104
5808	pinduoduo	5	0	3300	1.2	1	fawfd14839gzg138	20190104
5809	microsoft	5	0	4900	4.1	2	ddxez15174ehw173	20190104
5810	jd	5	0	8200	3.1	2	aayhc15283mdz172	20190104
5811	chanel	5	0	8200	4.1	2	egfzd14259fhm188	20190104
5812	baojie	15	3	6400	2.2	1	ffhye14979fgz187	20190104
5813	maotai	15	4	3600	1.1	1	xchhg13898wmm163	20190104
5814	chanel	5	0	6500	4.1	1	ywgad15080cgh156	20190104
5815	maotai	15	3	9100	2.1	2	wxchx15618mfd159	20190104
5816	xiaomi	15	2	7900	2.1	1	emgaz15203cfe126	20190104
5817	lv	5	0	5500	6.1	1	gzmgg14689fxx164	20190104
5818	xiaomi	15	3	2400	2.1	1	dcdfy15231ycd157	20190104
5819	microsoft	15	5	7700	1.1	1	cdwzy14325zhd186	20190104
5820	xiaomi	5	0	4500	5.1	1	mxdzh14268ecg190	20190104
5821	microsoft	5	0	9100	1.2	1	whccx15249hax118	20190104
5822	microsoft	15	1	2200	1.1	1	wdafg14645cch128	20190104
5823	pinduoduo	15	5	1600	2.1	2	hceyg15409wmm186	20190104
5824	pinduoduo	5	0	4200	1.2	1	ehhwh13896hfm194	20190104
5825	lv	15	6	6500	1.2	2	xxzdx15638axx132	20190104
5826	lv	5	0	7000	1.1	1	wfdee13842mzg160	20190104
5827	lv	5	0	3900	4.1	1	zyegy15760xdx144	20190104
5828	lv	15	6	1000	2.2	1	ywgad15080cgh156	20190104
5829	lv	15	4	7300	2.2	2	fgyaz14143hdy186	20190104
5830	jd	5	0	4200	1.2	1	xezhz14919gcc119	20190104
5831	xiaomi	5	0	1900	1.2	1	gzfem15566dme143	20190104
5832	xiaomi	15	5	1000	1.2	1	yfgwf14534wwg124	20190104
5833	xiaomi	5	0	7000	1.2	1	gwzwh15511dem192	20190104
5834	xiaomi	5	0	1000	6.1	2	dfaxc14419gdd156	20190104
5835	chanel	15	4	6500	2.2	1	mcxmg14145mhh170	20190104
5836	maotai	15	6	4500	2.2	1	yehwc15043wae142	20190104
5837	lv	15	5	2900	2.2	1	xchhg13898wmm163	20190104
5838	jd	5	0	9000	3.1	1	fcmew14836dfx120	20190104
5839	baojie	5	0	2400	1.1	2	caggz15528fee178	20190104
5840	maotai	5	0	7000	2.1	2	xhezy14218mxa190	20190104
5841	xiaomi	5	0	3000	5.1	2	gmxxy14482hha194	20190104
5842	apple	15	6	1600	2.1	2	azdhf15776xcg173	20190104
5843	jd	5	0	7900	1.2	1	xahza14508agy178	20190104
5844	chanel	5	0	7700	6.1	1	zfyfg15466xfc195	20190104
5845	lv	5	0	0000	4.1	2	fydmc15785feh149	20190104
5846	xiaomi	15	4	6500	2.2	1	yfead14594feh142	20190104
5847	maotai	15	3	8500	2.2	2	cchmf14138gax144	20190104
5848	baojie	15	2	1900	2.2	1	gcefz14697hme160	20190104
5849	maotai	15	4	1000	1.2	1	hhama14411mfx120	20190104
5850	baojie	5	0	3900	4.1	1	fzfhe15070zey126	20190104
5851	huawei	5	0	8800	1.1	1	wymwg15088ezm161	20190104
5852	jd	5	0	3600	1.2	2	yamhm14370zem188	20190104
5853	maotai	15	5	5200	2.1	1	wymwg15088ezm161	20190104
5854	xiaomi	15	1	6100	2.1	1	eyzde15222fhc138	20190104
5855	microsoft	15	4	7900	1.2	2	cdcyy15516ecx165	20190104
5856	jd	5	0	1100	6.1	1	fmfmw15466mwa188	20190104
5857	xiaomi	15	1	9100	2.2	1	xxgwy13794hww169	20190104
5858	microsoft	5	0	3000	3.1	1	xyehw14120fxf135	20190104
5859	pinduoduo	15	5	1200	2.2	1	zmagx14416fmc164	20190104
5860	baojie	5	0	2200	4.1	1	ywycx15547gec145	20190104
5861	huawei	15	2	5500	1.2	1	aefcd14877hfy173	20190104
5862	xiaomi	5	0	1000	3.1	2	zxdmm15803ggd121	20190104
5863	lv	5	0	1600	6.1	1	gazgf14372wae138	20190104
5864	microsoft	5	0	8700	6.1	2	ezhaa15557gfe117	20190104
5865	huawei	5	0	8500	1.2	2	wyfzh14050fhc139	20190104
5866	lv	15	3	7900	2.2	1	gzeyh13794xda153	20190104
5867	jd	5	0	1000	6.1	1	yzhhh15064ccf136	20190104
5868	apple	5	0	2900	3.1	2	fdmfx15149eew142	20190104
5869	microsoft	15	2	4500	1.1	1	geacc15795gzz124	20190104
5870	apple	15	6	8800	1.2	2	ywgad15080cgh156	20190104
5871	lv	5	0	3900	1.2	2	wymhx15739dxd160	20190104
5872	microsoft	15	5	8200	2.2	1	ehffm15331add175	20190104
5873	huawei	15	5	3600	1.1	1	dxhhx15812mah168	20190104
5874	pinduoduo	15	2	8800	2.2	2	dcggg13805eme162	20190104
5875	chanel	15	3	5200	1.2	1	yczzm15192wdy126	20190104
5876	jd	15	5	7700	2.2	2	azdhf15776xcg173	20190104
5877	jd	5	0	4500	1.1	2	dfcwh15761dhz150	20190104
5878	jd	15	1	8800	2.1	1	ydfgd14820yaf175	20190104
5879	chanel	5	0	1200	2.1	1	hghmf14684xmx124	20190104
5880	lv	5	0	3600	4.1	1	wfxcm14373mzw123	20190104
5881	jd	15	5	9100	1.1	2	cfwgy13796afa151	20190104
5882	chanel	5	0	1100	3.1	1	fcmew14836dfx120	20190104
5883	xiaomi	15	5	5800	1.2	2	czwew15332zwz188	20190104
5884	chanel	15	6	5200	1.1	1	fezcc14602fwg158	20190104
5885	jd	15	6	3600	1.1	2	ahgcx13839gdw123	20190104
5886	xiaomi	15	3	9100	1.1	1	ydfgd14820yaf175	20190104
5887	jd	15	2	5200	1.1	1	awfwx15641zge187	20190104
5888	baojie	15	5	7300	2.1	1	xcfem15681hfz167	20190104
5889	apple	15	3	7300	1.1	2	dfxhe14558emf177	20190104
5890	baojie	15	4	2900	2.2	1	fyzfa15005gxf194	20190104
5891	chanel	5	0	4900	5.1	1	yfyga15026waw155	20190104
5892	jd	15	2	4500	1.2	1	ehffm15331add175	20190104
5893	maotai	15	5	3300	1.2	1	hxgaw15468hec164	20190104
5894	jd	5	0	5500	4.1	1	chzfd15437eaz160	20190104
5895	baojie	15	1	1900	2.2	1	hzgmx14783gee148	20190104
5896	microsoft	15	2	1600	1.2	1	chzfd15437eaz160	20190104
5897	pinduoduo	5	0	7700	6.1	2	hyfdf14719acf121	20190104
5898	microsoft	5	0	9000	1.2	2	hygyc15035cgf139	20190104
5899	huawei	5	0	6500	2.1	1	hmaxa14683zmz151	20190104
5900	maotai	5	0	6500	1.1	1	yafhe15831cwm182	20190104
5901	pinduoduo	5	0	6100	6.1	1	geacc15795gzz124	20190104
5902	xiaomi	5	0	8500	1.2	1	wfxcm14373mzw123	20190104
5903	baojie	15	6	1900	2.2	2	hhama14411mfx120	20190104
5904	jd	15	1	8700	2.2	1	ffhye14979fgz187	20190104
5905	maotai	5	0	2200	1.1	1	whehg14553gwz179	20190104
5906	lv	5	0	0000	5.1	1	wdafg14645cch128	20190104
5907	huawei	15	6	3900	2.1	1	fmmza14944awa161	20190104
5908	apple	5	0	4200	3.1	1	aezeg15104gcc138	20190104
5909	huawei	15	6	3600	1.2	2	cexcf15521mgx171	20190104
5910	baojie	5	0	7300	4.1	1	yafhe15831cwm182	20190104
5911	chanel	15	4	7300	2.2	1	hgzee14908fgf187	20190104
5912	baojie	15	5	5200	2.2	1	xwmmh14299wxh167	20190104
5913	microsoft	15	1	4900	2.1	1	fydww15276ehx158	20190104
5914	jd	5	0	8200	1.1	2	yemea15433wwz155	20190104
5915	huawei	5	0	8700	5.1	1	aefcd14877hfy173	20190104
5916	huawei	15	2	6400	2.2	2	femhc15648wcg173	20190104
5917	microsoft	5	0	1600	1.2	1	zhfae15805hdy169	20190104
5918	microsoft	5	0	4900	1.2	2	dcggg13805eme162	20190104
5919	huawei	15	1	2200	2.1	2	hxgaw15468hec164	20190104
5920	jd	15	1	0000	1.2	1	zgyax14648xhd167	20190104
5921	baojie	15	5	5200	2.2	1	yzhhh15064ccf136	20190104
5922	baojie	15	4	8500	1.2	1	mayhc15325fcf138	20190104
5923	baojie	15	5	4900	1.1	2	xdcee14268xhe191	20190104
5924	chanel	5	0	1900	2.2	1	wfdee13842mzg160	20190104
5925	lv	15	6	6500	2.2	1	wxchx15618mfd159	20190104
5926	apple	15	2	2200	2.2	1	mmmfh14796myc124	20190104
5927	apple	15	3	7000	1.2	1	zmmxe14195yaa139	20190104
5928	baojie	5	0	7700	5.1	1	mzzmf14110aza186	20190104
5929	chanel	5	0	8500	4.1	2	gwzwh15511dem192	20190104
5930	pinduoduo	15	2	3600	1.1	1	ezeme14454wzx163	20190104
5931	baojie	15	4	2900	2.1	1	caded14618wma160	20190104
5932	apple	15	4	2900	1.1	2	dmhfh14707zcy174	20190104
5933	huawei	5	0	9200	3.1	2	dgemh14427cdg163	20190104
5934	lv	15	3	1100	1.2	1	zdafa14077xhe188	20190104
5935	maotai	5	0	4200	5.1	2	xxaeh14122cgg175	20190104
5936	apple	15	2	7700	1.2	1	ffhye14979fgz187	20190104
5937	xiaomi	5	0	3000	6.1	1	dfcwh15761dhz150	20190104
5938	baojie	15	5	0000	1.1	1	ahffx13938cfa193	20190104
5939	baojie	5	0	5500	2.1	1	zedgw14620ccx129	20190104
5940	apple	15	2	9100	2.1	2	hhehe15519hgf128	20190104
5941	pinduoduo	15	4	4200	1.1	1	wyfzh14050fhc139	20190104
5942	chanel	15	2	2600	1.2	1	wfadw13910zxd171	20190104
5943	pinduoduo	15	1	1900	2.2	1	amddg14183wzf127	20190104
5944	chanel	15	1	0000	2.2	1	xhcam14743fxa160	20190104
5945	baojie	5	0	6500	2.1	2	waefm13951haz128	20190104
5946	maotai	15	2	7900	1.2	2	eadfc13824fdf167	20190104
5947	apple	15	4	4900	1.1	1	fgxyd15252cgh132	20190104
5948	huawei	5	0	6100	2.2	1	gagag15088wyd190	20190104
5949	lv	5	0	7900	6.1	1	hceyg15409wmm186	20190104
5950	huawei	15	6	8500	2.2	1	mzzmf14110aza186	20190104
5951	chanel	5	0	3000	1.2	2	dzzgm14017egh121	20190104
5952	lv	5	0	7900	3.1	1	egcxd14951gmg142	20190104
5953	chanel	15	3	9100	1.2	1	xdcee14268xhe191	20190104
5954	huawei	5	0	2600	1.1	1	ydfgd14820yaf175	20190104
5955	jd	5	0	7300	6.1	1	aaxdm14648xzd181	20190104
5956	huawei	5	0	8800	1.1	1	azxzd14579fxe153	20190104
5957	jd	15	5	2400	2.2	2	xyfyz14347zxf150	20190104
5958	baojie	15	1	4500	2.1	1	cemcf14367cmm189	20190104
5959	chanel	15	1	2900	1.2	2	yyycy14933afz143	20190104
5960	chanel	5	0	8200	1.2	2	xwzye15618zam187	20190104
5961	pinduoduo	15	1	2600	1.2	2	yzxwd15674fyz125	20190104
5962	maotai	15	2	0000	1.1	1	yyhxz14898fmz194	20190104
5963	chanel	5	0	3300	6.1	2	cdyzm13892yec164	20190104
5964	huawei	15	1	2200	1.1	2	mmmfh14796myc124	20190104
5965	jd	5	0	6500	2.1	2	gxhmc14807xdd136	20190104
5966	chanel	15	6	6100	2.2	1	zhdwy13906mxe194	20190104
5967	maotai	5	0	6100	1.2	1	geacc15795gzz124	20190104
5968	xiaomi	5	0	6100	5.1	2	xwmmh14299wxh167	20190104
5969	jd	15	2	3600	1.2	1	eawyc14849hdz179	20190104
5970	pinduoduo	15	4	7700	1.2	1	ffhye14979fgz187	20190104
5971	maotai	15	3	5800	1.2	2	hceyg15409wmm186	20190104
5972	jd	5	0	7300	5.1	1	fdmfx15149eew142	20190104
5973	baojie	5	0	3300	2.1	1	xdcee14268xhe191	20190104
5974	jd	5	0	2600	3.1	1	ezhaa15557gfe117	20190104
5975	xiaomi	5	0	7900	6.1	2	zfmaa15649aeg136	20190104
5976	pinduoduo	5	0	8800	4.1	2	yfdee15279hfh160	20190104
5977	microsoft	5	0	3600	1.2	2	exdfe15552amy119	20190104
5978	jd	5	0	4500	1.1	1	yfgwf14534wwg124	20190104
5979	jd	5	0	8200	4.1	1	zhymg14111afy156	20190104
5980	pinduoduo	5	0	3300	5.1	1	ezdyz14880exd151	20190104
5981	jd	5	0	3900	1.2	1	wwzdm14028eem126	20190104
5982	microsoft	5	0	9000	1.2	2	ehhwh13896hfm194	20190104
5983	lv	5	0	8500	5.1	1	zhymg14111afy156	20190104
5984	pinduoduo	5	0	2900	2.1	1	mgmfa15192dax127	20190104
5985	huawei	5	0	1900	1.1	1	caded14618wma160	20190104
5986	lv	15	2	3900	2.1	1	ywgad15080cgh156	20190104
5987	huawei	15	2	2400	1.2	1	yxxme14718dzy154	20190104
5988	maotai	15	2	0000	2.1	2	geaad13893gcx184	20190104
5989	chanel	15	4	7700	1.2	1	afexd14086eca117	20190104
5990	chanel	15	2	2900	2.1	1	dmhfh14707zcy174	20190104
5991	chanel	5	0	7900	4.1	1	hxgaw15468hec164	20190104
5992	pinduoduo	5	0	3300	2.2	2	afhca15773axh186	20190104
5993	huawei	15	6	5800	1.2	1	xahza14508agy178	20190104
5994	maotai	5	0	7700	1.1	1	gagag15088wyd190	20190104
5995	apple	5	0	6500	1.2	2	zgggg14553wgc159	20190104
5996	xiaomi	5	0	7900	2.1	2	yyczw15569cea189	20190104
5997	maotai	5	0	7300	1.1	1	wgmaf15651hxz194	20190104
5998	huawei	15	6	2400	1.2	1	meaxc14985mhd170	20190104
5999	jd	15	2	8800	1.2	1	azhwg14471acf119	20190104
