8000	baojie	15	6	2900	2.1	1	dfemz14437wfx121	20190107
8001	apple	15	2	4500	1.1	1	ccfcz14585wza144	20190107
8002	chanel	5	0	2900	2.2	1	xhhdx13982wdz162	20190107
8003	apple	5	0	2600	1.2	2	ydywd15759caz169	20190107
8004	baojie	15	2	3300	1.2	1	hwfdc15530zdx151	20190107
8005	apple	5	0	7700	3.1	1	awyxy14466yhc187	20190107
8006	apple	5	0	7900	2.2	2	aeczh14322ffa191	20190107
8007	maotai	5	0	5200	1.1	1	zacwf15392cfw140	20190107
8008	xiaomi	5	0	3600	5.1	1	dwghx14749feg192	20190107
8009	maotai	15	2	1100	2.1	1	yxmdz14875dya147	20190107
8010	apple	15	5	4500	1.2	2	hzhga14200agg118	20190107
8011	jd	5	0	3000	1.2	1	xgdmx14927wcd144	20190107
8012	lv	5	0	5500	4.1	1	cydgx14960xha166	20190107
8013	microsoft	5	0	7000	2.2	1	ehfye15518cww193	20190107
8014	microsoft	15	1	8700	2.1	2	dhygy15407cxy175	20190107
8015	maotai	15	3	2600	1.2	1	hwfcy14297yag195	20190107
8016	maotai	5	0	1900	4.1	2	hzxcm14381faa172	20190107
8017	chanel	5	0	8700	6.1	2	mhdfg15179age167	20190107
8018	maotai	5	0	3600	1.1	2	zzzfy14479cmw130	20190107
8019	xiaomi	15	4	2600	2.2	1	wmaeg14376ece163	20190107
8020	maotai	5	0	8700	3.1	1	cawzm15702gza160	20190107
8021	chanel	15	5	9200	1.1	2	eddfz15732aac185	20190107
8022	microsoft	5	0	3600	3.1	2	zyeyz15598mzx117	20190107
8023	lv	15	4	6500	1.2	1	mamaz14148wwy156	20190107
8024	microsoft	15	2	8500	2.2	1	dxcwc14291xzc191	20190107
8025	lv	5	0	6400	4.1	1	mwwfy14056mxf125	20190107
8026	huawei	5	0	3600	1.2	2	hfxam13834dee131	20190107
8027	microsoft	15	4	3600	2.1	1	agccf14341fgf161	20190107
8028	apple	5	0	9200	5.1	1	cwcxw15083fxe158	20190107
8029	baojie	5	0	7000	1.1	1	ffemx13833azm135	20190107
8030	microsoft	15	6	7300	1.1	1	fdced14670ymz119	20190107
8031	xiaomi	5	0	0000	4.1	1	xdeaz14733emy128	20190107
8032	microsoft	15	6	8200	2.2	2	gcewh15405fyz139	20190107
8033	microsoft	15	1	8700	1.1	2	eaaax14516ywe184	20190107
8034	huawei	15	6	9000	2.2	1	fymzh14739max189	20190107
8035	chanel	5	0	1100	5.1	1	hyhhd14534zde156	20190107
8036	microsoft	5	0	9200	1.1	1	ecgmc14974dyd120	20190107
8037	huawei	5	0	6500	2.2	1	gdyem15786exx129	20190107
8038	maotai	5	0	2200	1.2	1	ahfhg14028zhc180	20190107
8039	xiaomi	15	3	2200	2.1	1	cwwwe13889ddd126	20190107
8040	xiaomi	5	0	8800	2.1	2	xddzy15294xfy157	20190107
8041	microsoft	5	0	1000	2.2	2	mxmmz14569xef140	20190107
8042	apple	5	0	7700	5.1	1	cwhyy15110ehd152	20190107
8043	baojie	15	1	9100	1.1	2	zamxe14710hma194	20190107
8044	huawei	5	0	8200	5.1	1	hgefa14487cxx166	20190107
8045	huawei	5	0	2400	1.2	2	fcxhm14405xda192	20190107
8046	apple	15	4	1200	2.1	1	gdxaf14958fcg174	20190107
8047	chanel	5	0	2400	2.1	1	cxwma15175dxx167	20190107
8048	huawei	5	0	6100	6.1	1	hcwcz15404hxg124	20190107
8049	lv	5	0	5200	2.1	2	ggzfc13932dgz190	20190107
8050	baojie	15	3	3900	2.1	2	ycwwg14386zyg168	20190107
8051	apple	5	0	1000	3.1	1	ywcgy15628dwf186	20190107
8052	baojie	5	0	3900	3.1	1	ewxha14848yyf171	20190107
8053	pinduoduo	5	0	4900	2.1	2	ccdxz15025fze191	20190107
8054	lv	15	1	8200	1.1	1	fzahh15182zec143	20190107
8055	apple	5	0	9200	2.1	1	ehgax14462dww135	20190107
8056	lv	5	0	8200	2.2	2	wwcxg15530aae186	20190107
8057	lv	15	3	3900	1.2	1	acwec15256dxe159	20190107
8058	xiaomi	15	3	2400	1.2	2	wfmmw15128cmg128	20190107
8059	apple	15	5	4200	2.1	1	ywyfx14679wef144	20190107
8060	xiaomi	15	2	8700	1.2	2	xxege15218efw142	20190107
8061	lv	15	6	1600	1.1	1	fhwaz14044xzz151	20190107
8062	maotai	15	6	9200	2.2	2	ffmgy15319cye146	20190107
8063	apple	5	0	7700	6.1	1	wzzwx14738yez176	20190107
8064	jd	5	0	4500	1.2	1	dhhcf14511azz143	20190107
8065	apple	5	0	4500	1.1	2	eafwy14241efy190	20190107
8066	huawei	15	5	3300	2.1	2	efzzf15349xax171	20190107
8067	microsoft	15	6	3300	2.2	1	fcyyx14621eew140	20190107
8068	apple	5	0	4200	5.1	1	fgzmz14914xcy143	20190107
8069	microsoft	15	4	2400	2.1	2	zzfmz15141zdw131	20190107
8070	jd	5	0	7300	2.1	1	dzcmw14088med184	20190107
8071	chanel	5	0	8200	3.1	1	dzcyh15064xaw173	20190107
8072	chanel	15	5	1000	1.1	2	xgyey15725zdw181	20190107
8073	lv	15	5	1000	2.2	1	xymfd15332zcy169	20190107
8074	huawei	15	2	4900	2.2	1	xcfdf15706mgw166	20190107
8075	apple	15	5	2600	2.1	1	gmmfw15452gag125	20190107
8076	jd	5	0	0000	6.1	2	eewzm15534fec165	20190107
8077	chanel	15	2	3600	1.2	1	wfyaw15583maa170	20190107
8078	huawei	5	0	4900	1.2	1	affae15501wym162	20190107
8079	pinduoduo	5	0	1200	6.1	2	zhzee14251exx134	20190107
8080	huawei	15	1	4200	1.1	1	haece15310zfy180	20190107
8081	pinduoduo	5	0	4200	1.1	1	mhdhd13879dyy144	20190107
8082	apple	5	0	4500	4.1	1	hhggx15034ahy145	20190107
8083	lv	15	2	3600	1.1	1	hxxga14832wcd128	20190107
8084	maotai	5	0	8500	5.1	1	gfahg15109gca147	20190107
8085	baojie	15	6	1600	2.2	1	xmxfg13815whd119	20190107
8086	pinduoduo	5	0	1100	2.1	1	dwxmy14378hdx118	20190107
8087	huawei	5	0	0000	6.1	1	aczya15129ehh182	20190107
8088	pinduoduo	15	1	8800	2.2	2	yzfhh15504zwc163	20190107
8089	apple	15	6	5500	2.2	1	dcxhy15550yhx143	20190107
8090	apple	15	1	5500	2.2	1	ewfhc15437dxw140	20190107
8091	jd	5	0	2600	2.1	2	chzge15635zhe146	20190107
8092	jd	15	3	8500	2.2	1	edaad13994dwa168	20190107
8093	xiaomi	5	0	6500	1.1	2	ehdhg15347zhh152	20190107
8094	apple	5	0	2600	4.1	1	yfdgd14902mwc184	20190107
8095	pinduoduo	15	6	6100	2.2	2	hdwxc15369cyx138	20190107
8096	chanel	5	0	2900	5.1	2	fdzdm14411yhm149	20190107
8097	baojie	5	0	1100	1.1	2	cgzzm15572aww153	20190107
8098	baojie	5	0	9000	3.1	2	efamm15046haf128	20190107
8099	xiaomi	5	0	7000	3.1	1	zdhme15277edh135	20190107
8100	microsoft	15	3	2200	2.1	1	xmgfy15064cgd122	20190107
8101	xiaomi	15	4	9200	1.2	1	wdwza14787zfm153	20190107
8102	jd	5	0	6500	2.1	1	yfdyy14675mwf119	20190107
8103	baojie	5	0	1200	3.1	1	hacdz15564wgz146	20190107
8104	lv	15	2	9100	2.2	2	hzwyd13904aeh191	20190107
8105	xiaomi	15	4	4200	1.1	1	xxxzz15121dzx132	20190107
8106	pinduoduo	5	0	9200	6.1	1	zxgyg14586hmh148	20190107
8107	lv	5	0	4900	1.2	1	wdghg14406ggy171	20190107
8108	baojie	15	6	4900	1.2	1	yyahw14212dyw142	20190107
8109	huawei	5	0	6500	5.1	1	ffmya14550ada168	20190107
8110	huawei	5	0	5200	6.1	2	xwwxe14219wmw195	20190107
8111	pinduoduo	5	0	8200	4.1	2	mxhdy14191dma188	20190107
8112	jd	5	0	8800	1.2	1	xehmx14373xfy123	20190107
8113	huawei	5	0	5200	1.2	1	cmwwx14519edc170	20190107
8114	pinduoduo	5	0	8800	3.1	1	yxgfw15483gxz121	20190107
8115	maotai	5	0	9100	6.1	1	yehma15412xwx124	20190107
8116	microsoft	5	0	2900	6.1	1	hzwzd15303aff142	20190107
8117	microsoft	15	5	6500	2.2	1	gcecz14704gef163	20190107
8118	xiaomi	15	1	8500	1.2	1	eagza15489dmh118	20190107
8119	lv	15	5	6100	1.2	1	dwmhe14078ccx125	20190107
8120	maotai	5	0	7700	1.1	1	xxdgc15464mge170	20190107
8121	apple	15	5	8700	2.2	1	zxwhf14823fch139	20190107
8122	lv	15	4	5500	2.2	1	awaxh15488ghe133	20190107
8123	pinduoduo	5	0	1100	1.2	2	waegh14850cfa134	20190107
8124	lv	15	2	3600	2.1	2	dcfmc14362ycc148	20190107
8125	pinduoduo	15	4	7900	2.1	2	xcchx14484xmf129	20190107
8126	maotai	15	4	5800	1.2	1	eahxd15466adc154	20190107
8127	jd	5	0	8200	6.1	2	dxzhx14648cga177	20190107
8128	lv	15	1	6500	1.2	1	dmcge15375ehe147	20190107
8129	microsoft	5	0	3900	1.2	1	awdaf15741afz150	20190107
8130	pinduoduo	5	0	5800	6.1	1	hxgwz14713fdm117	20190107
8131	pinduoduo	5	0	9100	2.1	2	fecwa14728gxw165	20190107
8132	maotai	5	0	6400	6.1	1	hfagy15663gme166	20190107
8133	baojie	15	5	8500	2.2	2	yyewx15420wcg188	20190107
8134	jd	15	2	9100	1.1	2	gzfmz15063hfm123	20190107
8135	maotai	5	0	2200	1.2	2	faywf14095cey181	20190107
8136	huawei	5	0	3900	3.1	1	xwwzf14041zwd186	20190107
8137	baojie	15	6	6100	1.1	1	chcxf13837acc194	20190107
8138	chanel	5	0	8700	4.1	2	yzwdg15554mgg186	20190107
8139	baojie	15	6	9000	1.1	1	wexdc15575yhd152	20190107
8140	huawei	15	6	9100	2.2	1	cccaf13873dmg190	20190107
8141	lv	5	0	2900	6.1	2	zxezx15634fdd140	20190107
8142	chanel	5	0	8700	5.1	1	mcehe13943xgf136	20190107
8143	jd	15	1	7300	2.2	1	hxwzf15414fyy132	20190107
8144	baojie	5	0	9200	4.1	1	hfghy14610hhd152	20190107
8145	apple	5	0	8200	5.1	1	eezwd14259dgd192	20190107
8146	huawei	15	1	9200	1.2	2	zcfmz14819zhy175	20190107
8147	baojie	15	4	7900	1.1	1	hddff14734zzx191	20190107
8148	maotai	5	0	6500	6.1	1	xwezz14679hwx144	20190107
8149	maotai	5	0	6400	1.2	1	zggdf15167egx117	20190107
8150	baojie	15	3	7300	1.2	1	ghdey14861xzx187	20190107
8151	microsoft	5	0	6500	4.1	1	eafmw14124gxy173	20190107
8152	huawei	15	2	2200	1.2	1	ydagg14535fex176	20190107
8153	chanel	15	2	4500	1.2	1	xgycd13807fee188	20190107
8154	apple	5	0	3000	5.1	1	mfxaa14235wze193	20190107
8155	microsoft	5	0	6400	2.1	1	dyamz15167exh173	20190107
8156	xiaomi	5	0	4200	2.2	1	whcww15612wym127	20190107
8157	huawei	15	4	2600	1.1	1	mfmcy14569yfc124	20190107
8158	lv	5	0	2400	2.2	2	wmdca14146cde118	20190107
8159	xiaomi	15	2	2400	1.1	1	mmwzf14779gdz122	20190107
8160	jd	15	3	7700	1.1	1	exdwf14434mcm151	20190107
8161	xiaomi	5	0	9100	3.1	1	zfzyh15665dez172	20190107
8162	pinduoduo	15	4	2900	1.1	2	xwdcm15249mwa177	20190107
8163	maotai	5	0	2900	5.1	1	fyegg14296mgc117	20190107
8164	jd	5	0	5200	2.2	2	maccz14540ggh190	20190107
8165	baojie	5	0	1900	5.1	1	ymyza14785caa169	20190107
8166	maotai	5	0	9100	1.1	1	ezmag15526zex163	20190107
8167	xiaomi	15	3	1600	2.1	2	zaexw15831chh190	20190107
8168	xiaomi	15	4	8700	2.1	2	zdxhw15423whe178	20190107
8169	xiaomi	5	0	2900	3.1	1	zfwdx13995gfw169	20190107
8170	lv	5	0	8800	1.2	2	xxayx15015amw148	20190107
8171	apple	5	0	5500	1.1	1	gwahh15140cyg130	20190107
8172	microsoft	15	1	2900	1.1	1	whmhz15577mcf137	20190107
8173	lv	15	6	8700	1.2	1	ggwcz14773geg119	20190107
8174	xiaomi	15	2	5800	2.1	1	hdfcd14885dhh150	20190107
8175	lv	15	4	3000	2.2	1	zexdm13994mmz124	20190107
8176	huawei	5	0	8200	2.1	1	dxyxw14583zcw159	20190107
8177	apple	5	0	1000	1.1	1	wyehm13851gwc156	20190107
8178	maotai	5	0	8800	2.2	1	mawaf15286yge160	20190107
8179	chanel	5	0	3000	1.2	1	fgdgx14478fwd126	20190107
8180	baojie	5	0	5500	2.2	1	hmfad15307fye165	20190107
8181	chanel	5	0	1100	6.1	1	daaxf14562dca140	20190107
8182	xiaomi	15	1	2600	1.2	1	ezcze14102dgd146	20190107
8183	apple	15	5	3600	1.1	1	hefmm14321egd153	20190107
8184	microsoft	5	0	4500	4.1	2	wgwcf15729fef155	20190107
8185	huawei	15	5	5500	1.2	2	afdgy14890ezh149	20190107
8186	chanel	5	0	1600	5.1	1	gmmdz13836zmf164	20190107
8187	jd	15	2	9200	2.1	1	amhyc15124fxa159	20190107
8188	apple	15	1	2900	1.2	2	awyhh15261ffg122	20190107
8189	jd	5	0	9100	3.1	1	fhazh14230gma184	20190107
8190	chanel	15	6	3300	1.2	1	yecca14290eec141	20190107
8191	huawei	5	0	2600	2.2	2	agccf14341fgf161	20190107
8192	baojie	15	6	8800	1.1	1	yecca14290eec141	20190107
8193	microsoft	5	0	5800	2.2	2	ezmag15526zex163	20190107
8194	maotai	15	3	7300	2.1	2	hfgex14452zfm158	20190107
8195	maotai	15	2	9000	1.2	1	yzeyz14338emw138	20190107
8196	xiaomi	5	0	9100	1.1	1	hyhwz15347ezh175	20190107
8197	pinduoduo	5	0	7900	2.2	1	hddff14734zzx191	20190107
8198	huawei	15	6	2200	2.1	1	fawee14971eww176	20190107
8199	chanel	5	0	6400	5.1	1	hhggx15034ahy145	20190107
8200	chanel	5	0	6400	4.1	1	zaddc15277hya184	20190107
8201	lv	15	3	6400	1.1	1	mdzmf14132gha186	20190107
8202	xiaomi	5	0	2600	2.1	2	gadwe13988zmd124	20190107
8203	xiaomi	5	0	1600	3.1	2	ffemx13833azm135	20190107
8204	lv	5	0	4500	2.1	2	hywaa15119gcd190	20190107
8205	baojie	5	0	1600	5.1	1	ymdyx15469hgg133	20190107
8206	baojie	5	0	0000	2.2	1	hzwfa13841hfw167	20190107
8207	pinduoduo	15	4	6100	1.2	1	xwxed14298zaw155	20190107
8208	microsoft	5	0	5500	5.1	2	eeccd14030zfa184	20190107
8209	lv	15	5	3000	2.2	1	fecwa14728gxw165	20190107
8210	microsoft	5	0	1200	1.1	2	zhfxc15392fad145	20190107
8211	microsoft	15	6	1200	2.2	2	xxege15218efw142	20190107
8212	baojie	15	2	1100	2.1	1	eeafg14500ggd133	20190107
8213	apple	5	0	4200	4.1	2	whfzz15428azx169	20190107
8214	maotai	15	6	4500	2.2	2	cwcgm15378gze177	20190107
8215	baojie	5	0	9000	5.1	2	fmfmw15466mwa188	20190107
8216	jd	5	0	1200	1.1	1	ccaza15343fdz179	20190107
8217	microsoft	5	0	1100	1.1	1	xehmx14373xfy123	20190107
8218	maotai	15	1	4200	2.1	1	cmgfz15638mxe122	20190107
8219	huawei	15	6	2900	2.2	2	acdcc15112gec151	20190107
8220	chanel	5	0	5500	1.2	2	fhgex15661mhd183	20190107
8221	huawei	5	0	9200	3.1	2	gzfmz15063hfm123	20190107
8222	chanel	5	0	8500	5.1	1	zhyaw15023eea134	20190107
8223	chanel	5	0	6500	5.1	1	edaad13994dwa168	20190107
8224	chanel	5	0	7300	4.1	1	xgydx14751wza138	20190107
8225	baojie	5	0	9100	6.1	2	gmedc14076dgw118	20190107
8226	jd	15	6	9200	1.1	2	ecmxh15539mxy137	20190107
8227	jd	15	2	2900	2.2	1	yyahw14212dyw142	20190107
8228	huawei	15	6	6100	2.2	1	fmdzm15504ema148	20190107
8229	chanel	15	6	3300	2.1	2	zfwdx13995gfw169	20190107
8230	apple	5	0	6400	1.2	2	cfexy15690gxd126	20190107
8231	lv	5	0	7000	1.1	2	yxcge13977cmc180	20190107
8232	pinduoduo	15	6	3300	1.2	1	ggghm13952fxe158	20190107
8233	lv	15	3	1000	1.1	1	zzfmz15141zdw131	20190107
8234	microsoft	5	0	6100	3.1	1	hegec15527cde144	20190107
8235	jd	15	4	2600	1.2	1	cewmd15478ayg154	20190107
8236	huawei	5	0	2600	2.1	2	aaxxy14111dxh189	20190107
8237	baojie	5	0	1100	4.1	1	xhygh14540fxd148	20190107
8238	chanel	15	2	6100	2.2	1	xzhax15461hcm186	20190107
8239	microsoft	5	0	9200	5.1	1	zzzfy14479cmw130	20190107
8240	maotai	15	3	7900	2.1	2	gxemw14483wdg188	20190107
8241	apple	5	0	6500	1.2	1	yehma15412xwx124	20190107
8242	xiaomi	5	0	0000	1.1	1	gmhcd13911ymg125	20190107
8243	chanel	15	2	7000	2.2	2	fcmhc15773wze149	20190107
8244	xiaomi	5	0	2600	1.2	2	yfxam14517fmh133	20190107
8245	maotai	5	0	3300	1.2	2	fcmew14836dfx120	20190107
8246	chanel	5	0	6500	5.1	2	dgcfh13852ddc173	20190107
8247	maotai	5	0	6100	4.1	1	yfdyy14675mwf119	20190107
8248	lv	15	5	3000	1.2	1	yfhzd13811aey182	20190107
8249	pinduoduo	15	6	1200	2.1	2	cxzcd14529zww138	20190107
8250	microsoft	15	2	9200	2.1	1	hzwfa13841hfw167	20190107
8251	microsoft	5	0	1900	3.1	1	agccf14341fgf161	20190107
8252	huawei	5	0	2600	6.1	1	zhwcy15052xdc179	20190107
8253	lv	5	0	4500	2.2	1	dzcmw14088med184	20190107
8254	huawei	15	4	1900	1.2	1	yehxd15404zgx137	20190107
8255	jd	15	4	7300	2.1	1	defcx14728xzx180	20190107
8256	maotai	5	0	6400	6.1	2	zzexm14693zed144	20190107
8257	jd	15	3	8700	1.2	1	dwxmy14378hdx118	20190107
8258	lv	5	0	1600	2.1	2	ywceg13978efd149	20190107
8259	maotai	5	0	5500	2.2	1	xxayx15015amw148	20190107
8260	xiaomi	15	3	8800	1.2	2	xcdhx14080zym154	20190107
8261	jd	15	1	7900	2.1	2	dmxac14023hyx194	20190107
8262	xiaomi	15	1	6100	2.1	1	gmhcd13911ymg125	20190107
8263	maotai	15	4	2400	1.2	1	affae15501wym162	20190107
8264	baojie	5	0	1100	1.1	2	wxmgz14825gmh128	20190107
8265	jd	5	0	7700	2.2	1	fhfcz15354xfd177	20190107
8266	pinduoduo	15	1	8700	1.1	1	zwzcg14982yge173	20190107
8267	pinduoduo	5	0	1000	6.1	1	yffzm15394dfg163	20190107
8268	apple	15	4	2400	1.2	2	cmgfz15638mxe122	20190107
8269	lv	15	4	8800	1.1	1	cydgx14960xha166	20190107
8270	microsoft	15	4	3000	2.1	2	wfyca14777wym157	20190107
8271	lv	15	3	8200	2.2	1	afdgy14890ezh149	20190107
8272	chanel	15	6	6100	2.2	2	cfgha15315zhd184	20190107
8273	xiaomi	5	0	4900	4.1	1	cehfg14867aec191	20190107
8274	chanel	5	0	9000	1.2	1	yhmzh15533xex183	20190107
8275	apple	15	6	1000	1.2	2	egcxd14951gmg142	20190107
8276	huawei	15	4	7000	2.2	2	czafa15089zfg195	20190107
8277	jd	15	1	8200	1.2	1	wwcxg15530aae186	20190107
8278	chanel	5	0	1600	6.1	1	zeaww14527wxm120	20190107
8279	lv	5	0	5200	1.2	2	dmfcf14309mez122	20190107
8280	baojie	5	0	6500	2.2	2	afcmd14199dez150	20190107
8281	huawei	5	0	4500	2.1	1	ggzfc13932dgz190	20190107
8282	chanel	5	0	7900	3.1	1	yfhzd13811aey182	20190107
8283	xiaomi	5	0	2600	2.2	2	yyahw14212dyw142	20190107
8284	pinduoduo	15	3	1200	1.2	1	cwcxd15497xme137	20190107
8285	jd	15	2	3000	1.2	1	ychdg15528wxa151	20190107
8286	baojie	15	2	5200	2.1	1	xyhxe14310wxg122	20190107
8287	pinduoduo	15	5	5200	2.2	1	mfmcy14569yfc124	20190107
8288	chanel	15	3	2600	2.2	1	fgxeh14944ezw172	20190107
8289	maotai	15	5	8500	1.1	2	fgzmz14914xcy143	20190107
8290	lv	15	2	1200	2.1	2	xgzae14792fmd169	20190107
8291	xiaomi	15	1	8200	2.2	1	wxxdz14564hfm189	20190107
8292	huawei	5	0	8200	1.1	1	zffhd14497dhz157	20190107
8293	baojie	15	5	1000	2.1	2	zaexw15831chh190	20190107
8294	apple	15	4	2900	2.2	1	dcefg14922zgw170	20190107
8295	maotai	15	3	5200	2.1	1	gzeyh13794xda153	20190107
8296	pinduoduo	15	6	1100	1.1	2	hcxzc13885wdx148	20190107
8297	pinduoduo	15	2	7900	2.2	1	ehzef15385dma144	20190107
8298	apple	15	3	5200	2.1	1	zeaww14527wxm120	20190107
8299	huawei	5	0	6500	4.1	1	cxwma15175dxx167	20190107
8300	xiaomi	5	0	3300	3.1	2	zxmwx15267xdx180	20190107
8301	maotai	15	3	2600	2.1	1	wexdc15575yhd152	20190107
8302	chanel	5	0	4200	2.1	1	dhyfa14071dmx133	20190107
8303	pinduoduo	15	1	9200	1.2	2	hhhha14111hxx163	20190107
8304	chanel	5	0	2600	1.2	1	xmedf14877agd119	20190107
8305	xiaomi	5	0	2400	6.1	2	xcfem15681hfz167	20190107
8306	pinduoduo	5	0	5200	6.1	2	fhmfy15117dzg176	20190107
8307	maotai	15	3	2900	1.1	1	zhzee14251exx134	20190107
8308	baojie	5	0	8700	5.1	2	mgzhg15777mxm156	20190107
8309	xiaomi	15	3	8200	2.2	1	aeggd15164maa163	20190107
8310	baojie	15	1	1000	2.1	1	fwyhz15006aex163	20190107
8311	chanel	15	4	6500	2.2	1	hxwzf15414fyy132	20190107
8312	xiaomi	15	3	4900	1.1	2	gxezg14276yyc193	20190107
8313	jd	15	5	5500	2.1	2	xxxzz15121dzx132	20190107
8314	pinduoduo	15	2	5200	2.2	2	wfyca14777wym157	20190107
8315	lv	15	1	2600	2.1	2	whgcf14128xwm148	20190107
8316	baojie	5	0	3000	3.1	1	cwcxd15497xme137	20190107
8317	jd	15	6	4200	2.1	2	xwwzf14041zwd186	20190107
8318	xiaomi	5	0	1100	5.1	1	gmyhm15279acg163	20190107
8319	baojie	5	0	1000	2.2	1	xehmx14373xfy123	20190107
8320	xiaomi	5	0	2200	5.1	1	fwyfh14458dwe178	20190107
8321	baojie	15	5	9100	2.2	2	wedcf15267agy174	20190107
8322	baojie	5	0	6100	2.1	1	cdhme15762xfh130	20190107
8323	jd	15	3	1100	1.2	2	hzwyd13904aeh191	20190107
8324	jd	15	4	2400	2.1	2	femgy15104hcd177	20190107
8325	jd	15	4	7300	1.1	2	hccca14079ayc121	20190107
8326	lv	15	1	8800	2.1	1	gfwzx15346mgf151	20190107
8327	huawei	5	0	2900	2.1	2	mmzmg14890zcy164	20190107
8328	apple	5	0	6100	3.1	1	mgmdc15692dxw179	20190107
8329	chanel	5	0	2600	6.1	1	cccaf13873dmg190	20190107
8330	pinduoduo	5	0	4500	1.1	1	fdmme13908wmw121	20190107
8331	jd	5	0	2200	2.2	1	gcewh15405fyz139	20190107
8332	jd	5	0	4200	6.1	1	cxwgg14995exf165	20190107
8333	baojie	5	0	1600	5.1	1	fxdag15557xzf141	20190107
8334	chanel	15	2	7900	1.1	1	mchmz15259dyw186	20190107
8335	chanel	5	0	6500	2.2	1	hdgax15302amx132	20190107
8336	xiaomi	15	2	6500	1.1	1	ygmch13898edd185	20190107
8337	lv	15	6	3600	1.2	1	gdyem15786exx129	20190107
8338	xiaomi	5	0	3600	1.2	2	ecyya13985wcm173	20190107
8339	apple	5	0	2400	2.2	1	deehg13891xxe153	20190107
8340	baojie	5	0	7000	2.1	1	ahcyx14457wha126	20190107
8341	jd	15	3	7000	2.2	2	efzzf15349xax171	20190107
8342	chanel	15	4	4500	2.1	1	mwgaz14132mzx194	20190107
8343	xiaomi	5	0	3000	1.1	1	amhyc15124fxa159	20190107
8344	xiaomi	15	3	8500	2.2	2	eyhma14054gxa157	20190107
8345	apple	15	6	3600	1.1	1	wxxdz14564hfm189	20190107
8346	chanel	15	3	2900	1.2	1	femgy15104hcd177	20190107
8347	microsoft	5	0	5500	5.1	1	cgzzm15572aww153	20190107
8348	apple	15	6	9000	2.2	1	zeaww14527wxm120	20190107
8349	baojie	15	4	4900	1.2	2	mhdhd13879dyy144	20190107
8350	xiaomi	5	0	8700	1.1	1	czafa15089zfg195	20190107
8351	lv	5	0	2400	1.1	1	xwmyy14887zcd192	20190107
8352	apple	5	0	9000	5.1	1	gxezg14276yyc193	20190107
8353	microsoft	5	0	7700	6.1	1	dzcmw14088med184	20190107
8354	maotai	5	0	3000	4.1	1	ayyed15424chg122	20190107
8355	microsoft	5	0	1900	3.1	2	gxedm14795zfd126	20190107
8356	microsoft	5	0	2200	2.2	1	wzzgw14301azm122	20190107
8357	jd	5	0	2900	6.1	1	afwcg15246dfy125	20190107
8358	lv	5	0	6100	1.2	1	dzzee15075afg117	20190107
8359	jd	5	0	2600	2.2	1	whmhz15577mcf137	20190107
8360	chanel	15	3	5500	2.2	2	wzzgw14301azm122	20190107
8361	maotai	5	0	5800	1.1	1	hzxcm14381faa172	20190107
8362	lv	5	0	7300	3.1	2	zhfxc15392fad145	20190107
8363	pinduoduo	5	0	2600	2.1	1	zehzy14362zmm186	20190107
8364	jd	15	4	3000	1.2	1	gadyy14818dwm181	20190107
8365	pinduoduo	15	4	0000	2.2	1	ezmwz15571zyf166	20190107
8366	jd	15	5	3300	1.1	1	fzygd15744wmy155	20190107
8367	apple	5	0	2600	1.2	1	xddzy15294xfy157	20190107
8368	microsoft	15	1	7900	2.1	1	emdcz14704hdz150	20190107
8369	maotai	5	0	7700	4.1	2	xhygh14540fxd148	20190107
8370	huawei	5	0	6500	6.1	1	ayxdw15074wwf159	20190107
8371	lv	5	0	1200	6.1	2	xwdcm15249mwa177	20190107
8372	xiaomi	15	2	3300	2.1	2	ygmch13898edd185	20190107
8373	pinduoduo	5	0	8500	3.1	1	hacdz15564wgz146	20190107
8374	chanel	15	5	7900	1.2	1	dcefw14760xyf165	20190107
8375	xiaomi	15	4	3000	1.2	2	yzeyz14338emw138	20190107
8376	jd	15	2	2400	1.1	1	gffmh14510dfd173	20190107
8377	pinduoduo	5	0	1200	2.1	1	ggzfc13932dgz190	20190107
8378	pinduoduo	5	0	6500	3.1	2	xwzeh14572wed165	20190107
8379	huawei	5	0	3900	3.1	2	ggwcz14773geg119	20190107
8380	baojie	15	5	6100	2.2	2	mchmz15259dyw186	20190107
8381	baojie	5	0	1100	3.1	1	adday14155yhg133	20190107
8382	microsoft	15	2	1200	1.1	1	zgmzf14063hgg124	20190107
8383	pinduoduo	15	3	9200	2.1	1	zyeyz15598mzx117	20190107
8384	xiaomi	15	2	1900	1.1	1	gfwzx15346mgf151	20190107
8385	microsoft	15	4	9000	1.2	1	yfdmz15394dfg117	20190107
8386	xiaomi	5	0	1900	2.1	1	fzyyx14531wxa184	20190107
8387	jd	15	2	6400	2.2	2	hhfzy14035egc158	20190107
8388	huawei	15	3	1100	1.2	2	afcmd14199dez150	20190107
8389	maotai	15	2	1900	2.1	1	xehmx14373xfy123	20190107
8390	maotai	5	0	8700	1.2	2	gczhf15093wyz145	20190107
8391	apple	5	0	2200	2.2	1	mcehe13943xgf136	20190107
8392	lv	5	0	3300	2.1	1	yxmmy14678hhz184	20190107
8393	lv	15	4	3000	2.2	1	exhgd14888fwf183	20190107
8394	maotai	5	0	1900	1.1	2	zwedz15446wfd157	20190107
8395	chanel	15	6	4500	2.2	2	mddah14845mga149	20190107
8396	chanel	15	5	5200	1.2	2	dcxzz15073xam187	20190107
8397	xiaomi	15	5	7700	2.1	1	haece15310zfy180	20190107
8398	chanel	15	1	2600	2.2	1	ahhey14274zez153	20190107
8399	jd	5	0	1000	3.1	2	ccxfm14961cew134	20190107
8400	microsoft	15	6	9000	1.1	2	zmmzf13851mzh158	20190107
8401	microsoft	15	3	2900	1.1	1	dwghx14749feg192	20190107
8402	pinduoduo	15	6	1600	2.1	1	xcxac15401zmh185	20190107
8403	xiaomi	15	2	9000	2.1	2	xgdmx14927wcd144	20190107
8404	huawei	15	1	7700	1.1	1	hmwzm15244dzf135	20190107
8405	xiaomi	15	4	8800	1.1	1	eemdw14972aed194	20190107
8406	apple	5	0	5500	5.1	1	gczmc14381aff176	20190107
8407	chanel	15	6	9100	2.2	2	dfemz14437wfx121	20190107
8408	baojie	5	0	3600	6.1	1	eazha15368eyx119	20190107
8409	maotai	15	5	1000	2.2	2	ggzfc13932dgz190	20190107
8410	jd	15	2	3300	1.2	2	mxzwg14107fmc168	20190107
8411	lv	5	0	6500	1.1	2	gefxf14608zew166	20190107
8412	lv	5	0	9100	2.1	2	adwzf14784xcy187	20190107
8413	xiaomi	15	1	2900	2.2	1	dzcyh15064xaw173	20190107
8414	lv	5	0	5800	6.1	1	ewmxy14507hdf168	20190107
8415	huawei	15	1	8200	2.1	1	azcex14888gye136	20190107
8416	xiaomi	5	0	3300	1.2	2	mghza15188wcz118	20190107
8417	apple	5	0	7000	1.1	2	gefxf14608zew166	20190107
8418	chanel	15	3	0000	2.1	2	dhyfa14071dmx133	20190107
8419	maotai	5	0	7700	6.1	1	ggzfc13932dgz190	20190107
8420	baojie	5	0	2400	6.1	1	yfxam14517fmh133	20190107
8421	chanel	15	1	8700	1.1	2	acwec15256dxe159	20190107
8422	maotai	15	6	9000	2.2	2	ewmxy14507hdf168	20190107
8423	baojie	15	4	1100	1.1	1	mzcgg14702ggz148	20190107
8424	lv	5	0	9100	6.1	1	aywew14424azf154	20190107
8425	jd	15	1	9000	1.1	1	zxdmm15803ggd121	20190107
8426	xiaomi	5	0	2200	4.1	2	hecyc15140hmm169	20190107
8427	maotai	15	4	0000	1.2	1	mfxaa14235wze193	20190107
8428	maotai	5	0	5800	6.1	1	gadwe13988zmd124	20190107
8429	xiaomi	5	0	1600	1.2	1	mdaey13910cgc192	20190107
8430	apple	15	4	3900	1.2	1	zfahd14499hcd178	20190107
8431	microsoft	5	0	8500	1.2	1	ggzfc13932dgz190	20190107
8432	microsoft	15	2	0000	2.1	1	efyma15319dew159	20190107
8433	microsoft	5	0	2900	6.1	2	afdgy14890ezh149	20190107
8434	lv	5	0	0000	1.2	1	fmdzm15504ema148	20190107
8435	huawei	15	4	7700	1.1	1	afwcg15246dfy125	20190107
8436	apple	5	0	5500	6.1	1	gazdy15634cgd137	20190107
8437	baojie	5	0	4200	2.2	1	xwwzf14041zwd186	20190107
8438	baojie	15	1	5800	1.1	1	zzexm14693zed144	20190107
8439	microsoft	5	0	0000	5.1	1	xcfdf15706mgw166	20190107
8440	pinduoduo	5	0	2400	5.1	2	gmhzy14840xhy117	20190107
8441	microsoft	5	0	1600	2.1	2	dzxmc15358gza133	20190107
8442	apple	5	0	5800	6.1	1	ayxdw15074wwf159	20190107
8443	pinduoduo	15	6	8800	2.2	1	yzwdg15554mgg186	20190107
8444	apple	15	3	8500	2.1	2	fzygd15744wmy155	20190107
8445	xiaomi	15	2	0000	1.1	1	wgfza13860zdf191	20190107
8446	microsoft	5	0	1600	2.2	2	cxwgg14995exf165	20190107
8447	chanel	5	0	3900	1.1	1	wwwam15654gxc178	20190107
8448	huawei	5	0	7700	2.1	2	hafee14828wgy175	20190107
8449	huawei	15	1	2600	1.1	2	fhazh14230gma184	20190107
8450	maotai	5	0	7000	2.1	1	hfahd14472hyf130	20190107
8451	xiaomi	15	5	6500	2.1	2	eewzm15534fec165	20190107
8452	jd	15	3	6400	2.2	1	zmmwy14491ggg133	20190107
8453	xiaomi	15	2	6500	2.2	1	yewdw14516xac149	20190107
8454	pinduoduo	5	0	4500	1.2	1	ehahg14092wex193	20190107
8455	maotai	15	1	6500	2.2	1	dmhfh14707zcy174	20190107
8456	huawei	15	6	5800	2.2	1	zhyaw15023eea134	20190107
8457	huawei	5	0	1200	3.1	2	yxmdz14875dya147	20190107
8458	pinduoduo	5	0	2600	2.1	1	gfwzx15346mgf151	20190107
8459	chanel	15	2	1000	2.1	1	whghw14831gad150	20190107
8460	chanel	15	2	4500	2.2	1	dhyfa14071dmx133	20190107
8461	pinduoduo	15	2	2200	2.1	1	xxege15218efw142	20190107
8462	huawei	5	0	7000	3.1	1	hywaa15119gcd190	20190107
8463	chanel	5	0	5200	4.1	1	hcwcz15404hxg124	20190107
8464	xiaomi	5	0	1100	2.1	1	mxzwg14107fmc168	20190107
8465	lv	15	1	3300	2.1	2	dwfww13833zwa150	20190107
8466	chanel	15	6	2400	1.2	1	fzygd15744wmy155	20190107
8467	jd	15	5	7700	2.2	1	xxayx15015amw148	20190107
8468	chanel	15	4	1200	1.2	1	wxmgz14825gmh128	20190107
8469	baojie	15	6	4500	2.1	1	yxgfw15483gxz121	20190107
8470	lv	15	2	0000	2.2	1	hyxyw14012emy189	20190107
8471	baojie	15	4	5800	2.2	2	hfzhy15824yag136	20190107
8472	baojie	5	0	3600	6.1	2	cdhme15762xfh130	20190107
8473	maotai	5	0	4200	2.2	2	fecwa14728gxw165	20190107
8474	apple	15	4	6100	1.1	2	wffye14422fzf124	20190107
8475	lv	5	0	8200	1.1	2	dmfdw14700gyz147	20190107
8476	xiaomi	5	0	3300	3.1	1	dzahx14971eae124	20190107
8477	jd	5	0	3300	3.1	1	awewm15281eyz193	20190107
8478	lv	5	0	4900	1.2	1	yehxd15404zgx137	20190107
8479	apple	15	5	5800	1.1	1	amhyc15124fxa159	20190107
8480	maotai	15	4	4900	2.2	1	xgzae14792fmd169	20190107
8481	microsoft	15	6	3900	2.2	2	hzhga14200agg118	20190107
8482	microsoft	5	0	7300	4.1	2	dzahx14971eae124	20190107
8483	huawei	15	2	2400	2.1	1	zehzy14362zmm186	20190107
8484	huawei	5	0	6400	2.2	2	fdmme13908wmw121	20190107
8485	baojie	5	0	1100	1.2	1	eyefh15146egg127	20190107
8486	xiaomi	5	0	6400	2.1	2	zeaww14527wxm120	20190107
8487	apple	5	0	6100	1.2	1	gcewh15405fyz139	20190107
8488	chanel	5	0	7000	6.1	1	gadwe13988zmd124	20190107
8489	microsoft	15	1	3900	2.1	2	ehwgy15803dyx143	20190107
8490	microsoft	5	0	3900	6.1	1	hyhzh15373cym172	20190107
8491	chanel	15	2	6400	2.1	2	hhggx15034ahy145	20190107
8492	lv	15	6	6500	1.2	1	fhgex15661mhd183	20190107
8493	huawei	15	5	3900	2.1	1	mfmcy14569yfc124	20190107
8494	lv	15	5	4500	1.1	1	xwzeh14572wed165	20190107
8495	apple	5	0	5500	3.1	1	hfzhy15824yag136	20190107
8496	maotai	5	0	3000	5.1	1	mxzwg14107fmc168	20190107
8497	lv	15	3	2400	2.1	2	xwwzf14041zwd186	20190107
8498	jd	5	0	6100	1.2	1	xgzae14792fmd169	20190107
8499	microsoft	15	1	7300	1.2	1	xcfdf15706mgw166	20190107
8500	huawei	5	0	5200	4.1	2	gmhzy14840xhy117	20190107
8501	chanel	5	0	5500	1.1	1	zcccc14603fzx129	20190107
8502	baojie	5	0	9000	2.1	2	xceym14143chz155	20190107
8503	maotai	5	0	5800	6.1	1	ecgmc14974dyd120	20190107
8504	huawei	15	6	2400	1.1	1	xcxac15401zmh185	20190107
8505	maotai	15	3	2900	2.2	1	eafhc13976zca177	20190107
8506	xiaomi	5	0	2600	1.2	1	ghgcm13824xfy189	20190107
8507	microsoft	15	6	7700	2.2	1	fzycf15121xyz132	20190107
8508	maotai	15	4	1200	2.1	1	yfhzd13811aey182	20190107
8509	baojie	15	2	8700	2.1	1	hfxam13834dee131	20190107
8510	maotai	5	0	8500	3.1	1	cdmdw15434gae173	20190107
8511	microsoft	15	2	4900	1.1	1	mxhdy14191dma188	20190107
8512	maotai	5	0	6100	1.2	2	cfgha15315zhd184	20190107
8513	xiaomi	5	0	4500	2.1	1	dmxac14023hyx194	20190107
8514	huawei	15	5	4900	1.2	1	dxfzd13853awc164	20190107
8515	maotai	15	5	2400	1.2	1	yfdmz15394dfg117	20190107
8516	chanel	5	0	5800	5.1	1	hyhwz15347ezh175	20190107
8517	huawei	5	0	9000	3.1	1	zxwhf14823fch139	20190107
8518	baojie	15	4	4200	1.1	1	mghza15188wcz118	20190107
8519	jd	15	3	4900	1.2	2	mmzmg14890zcy164	20190107
8520	xiaomi	5	0	3300	1.1	2	gxezg14276yyc193	20190107
8521	pinduoduo	5	0	4200	2.1	1	eahxd15466adc154	20190107
8522	apple	5	0	6500	4.1	1	ayxdw15074wwf159	20190107
8523	pinduoduo	5	0	4900	2.1	2	cmwwx14519edc170	20190107
8524	huawei	5	0	1900	1.1	1	fmwgw13905zdf147	20190107
8525	xiaomi	5	0	5200	3.1	1	ghxah14173whz155	20190107
8526	pinduoduo	5	0	2900	2.2	1	fmwgw13905zdf147	20190107
8527	microsoft	15	3	2900	1.2	1	zxgyg14586hmh148	20190107
8528	jd	15	5	5500	2.2	1	fddxm15590cmy132	20190107
8529	lv	15	2	7000	2.2	2	xmxfg13815whd119	20190107
8530	maotai	15	1	2400	2.1	1	exhhd14477yyz146	20190107
8531	microsoft	5	0	6500	2.2	1	yxcge13977cmc180	20190107
8532	maotai	5	0	5800	3.1	2	gmhzy14840xhy117	20190107
8533	lv	5	0	5800	4.1	1	ehdhg15347zhh152	20190107
8534	apple	5	0	7000	4.1	1	cdmdw15434gae173	20190107
8535	huawei	5	0	3300	1.2	1	emgaz15203cfe126	20190107
8536	jd	15	3	5200	2.2	1	hafee14828wgy175	20190107
8537	jd	5	0	9200	2.1	1	mmhzc15803eaz169	20190107
8538	baojie	15	6	6400	1.1	2	gxezg14276yyc193	20190107
8539	microsoft	5	0	7000	3.1	1	ffmya14550ada168	20190107
8540	chanel	15	4	6500	2.1	1	cdwzh15724gzc171	20190107
8541	huawei	15	5	6500	1.2	1	cmwwx14519edc170	20190107
8542	huawei	5	0	7900	5.1	1	zhwcy15052xdc179	20190107
8543	huawei	5	0	2600	6.1	1	gmwxa14476ehz154	20190107
8544	apple	15	1	8700	1.1	1	hdmex14321hzm188	20190107
8545	maotai	5	0	8500	3.1	1	hzhae14017gdx120	20190107
8546	chanel	5	0	2400	1.2	1	gmhcd13911ymg125	20190107
8547	pinduoduo	5	0	7900	3.1	2	yzfhh15504zwc163	20190107
8548	huawei	5	0	4200	5.1	1	zfccx15516fee138	20190107
8549	baojie	15	5	1100	1.2	1	dxwme15180ehc149	20190107
8550	microsoft	5	0	7000	1.1	1	wcccc15814zxf137	20190107
8551	jd	15	6	7000	1.1	1	wfyaw15583maa170	20190107
8552	huawei	5	0	9000	1.1	2	acmha14912fdy192	20190107
8553	xiaomi	15	4	8500	2.1	1	fgzmz14914xcy143	20190107
8554	apple	15	1	1100	1.1	1	wzzgw14301azm122	20190107
8555	chanel	15	6	1600	2.1	1	hhfzy14035egc158	20190107
8556	jd	15	3	7700	2.1	1	czafa15089zfg195	20190107
8557	huawei	15	5	5200	1.2	1	ywyfx14679wef144	20190107
8558	apple	5	0	7000	5.1	2	gzdex15832ych141	20190107
8559	microsoft	15	2	9100	1.2	1	fdced14670ymz119	20190107
8560	chanel	15	1	8800	2.1	1	zzadd15615mhc136	20190107
8561	huawei	15	2	9200	2.1	1	yffzm15394dfg163	20190107
8562	lv	5	0	1900	5.1	2	dxccy15046xae142	20190107
8563	chanel	5	0	7000	3.1	1	mhdfg15179age167	20190107
8564	microsoft	15	2	9100	2.1	1	wcccc15814zxf137	20190107
8565	baojie	15	3	2400	2.1	1	hzwag13906xex157	20190107
8566	baojie	5	0	7000	2.1	2	yecca14290eec141	20190107
8567	baojie	15	4	3300	2.2	1	cxehm14865hdx188	20190107
8568	chanel	15	6	9000	1.2	1	eyhma14054gxa157	20190107
8569	pinduoduo	5	0	3000	1.2	1	awyxy14466yhc187	20190107
8570	lv	5	0	6400	1.1	1	gmhcd13911ymg125	20190107
8571	jd	15	3	0000	2.1	1	dzcyh15064xaw173	20190107
8572	microsoft	15	3	5200	2.1	1	zfccx15516fee138	20190107
8573	microsoft	5	0	6500	3.1	1	mmeff14800zfx152	20190107
8574	huawei	5	0	5200	2.2	1	gmyhm15279acg163	20190107
8575	microsoft	5	0	1000	1.2	1	cmzhy14412yhh189	20190107
8576	pinduoduo	15	4	6100	1.1	1	gmhcd13911ymg125	20190107
8577	apple	5	0	9100	2.1	2	xxayx15015amw148	20190107
8578	apple	5	0	4200	2.1	2	fmxgy14213gme184	20190107
8579	pinduoduo	15	4	6100	2.1	2	gghym14445add158	20190107
8580	apple	5	0	5800	5.1	1	ceczc14890zhy153	20190107
8581	lv	5	0	5200	3.1	1	yfdgd14902mwc184	20190107
8582	lv	15	5	2600	2.1	1	eazha15368eyx119	20190107
8583	baojie	15	5	3900	2.2	1	yzfhh15504zwc163	20190107
8584	huawei	15	4	2900	1.2	2	ayyed15424chg122	20190107
8585	huawei	15	2	9200	2.1	1	wxxdz14564hfm189	20190107
8586	apple	5	0	9200	6.1	1	hfgex14452zfm158	20190107
8587	pinduoduo	5	0	4200	6.1	1	zexdm13994mmz124	20190107
8588	microsoft	5	0	6400	4.1	2	wfyca14777wym157	20190107
8589	jd	15	1	2400	2.2	1	eezwd14259dgd192	20190107
8590	huawei	5	0	3600	5.1	2	cwcxd15497xme137	20190107
8591	huawei	15	4	5200	1.1	1	dmxac14023hyx194	20190107
8592	apple	5	0	6500	4.1	1	yfhzd13811aey182	20190107
8593	apple	5	0	1900	1.2	1	gmmfw15452gag125	20190107
8594	pinduoduo	15	3	3300	2.1	1	amazw14775cfd152	20190107
8595	xiaomi	5	0	6500	1.1	1	dmhfh14707zcy174	20190107
8596	jd	5	0	8500	1.2	1	yecca14290eec141	20190107
8597	chanel	5	0	5800	1.1	2	zdwec15499zcc138	20190107
8598	jd	15	3	9100	1.2	2	xmedf14398hzd185	20190107
8599	baojie	5	0	9000	5.1	1	ccdxz15025fze191	20190107
8600	pinduoduo	5	0	1200	5.1	2	whwgc15284ham124	20190107
8601	huawei	5	0	3300	3.1	1	eddfz15732aac185	20190107
8602	lv	5	0	2200	2.1	1	cmzmd13941dyy143	20190107
8603	huawei	15	6	7700	2.1	2	yffzm15394dfg163	20190107
8604	chanel	5	0	5800	2.2	2	ehahg14092wex193	20190107
8605	maotai	5	0	9200	4.1	2	adfzh15089xxz160	20190107
8606	jd	5	0	7300	3.1	1	gczhf15093wyz145	20190107
8607	maotai	15	1	6400	2.1	2	eahxd15466adc154	20190107
8608	lv	5	0	2600	2.1	2	aywew14424azf154	20190107
8609	baojie	15	1	5500	2.1	1	dmxac14023hyx194	20190107
8610	xiaomi	5	0	3300	6.1	1	zwedz15446wfd157	20190107
8611	baojie	15	5	8500	1.1	1	hddff14734zzx191	20190107
8612	apple	5	0	8200	3.1	1	hdmex14321hzm188	20190107
8613	microsoft	15	4	4500	2.2	1	fecwa14728gxw165	20190107
8614	apple	5	0	3900	4.1	1	yfhzd13811aey182	20190107
8615	microsoft	15	5	4200	2.2	1	cmagh14567gzd139	20190107
8616	microsoft	15	6	6500	1.2	1	acmha14912fdy192	20190107
8617	huawei	5	0	7700	5.1	2	hxxga14832wcd128	20190107
8618	lv	15	2	6100	1.2	1	zwxda14426xce185	20190107
8619	pinduoduo	15	1	1200	2.1	1	ycwwg14386zyg168	20190107
8620	chanel	15	4	8800	2.1	2	eheme15574eef128	20190107
8621	jd	15	5	5200	2.1	1	gghym14445add158	20190107
8622	huawei	15	2	4900	1.1	2	xcxac15401zmh185	20190107
8623	microsoft	5	0	9200	1.2	1	afdgy14890ezh149	20190107
8624	huawei	15	1	2600	2.1	2	wfyca14777wym157	20190107
8625	xiaomi	5	0	0000	2.2	1	hzhae14017gdx120	20190107
8626	microsoft	15	5	3600	1.1	1	xgeyw15232myd193	20190107
8627	apple	5	0	4200	4.1	1	mxzgm14841ahc147	20190107
8628	huawei	15	6	8700	1.2	1	cwcgm15378gze177	20190107
8629	microsoft	5	0	3900	3.1	1	ggwcz14773geg119	20190107
8630	chanel	15	1	3000	2.1	1	yxmmy14678hhz184	20190107
8631	pinduoduo	5	0	6500	1.2	2	fcyyx14621eew140	20190107
8632	huawei	15	5	0000	2.2	1	xgdhe15238yhm136	20190107
8633	pinduoduo	5	0	8500	2.1	1	gcmwh14499zaw159	20190107
8634	baojie	15	3	1000	1.1	1	cxwgg14995exf165	20190107
8635	baojie	5	0	6100	1.2	1	yfxmh14392gay145	20190107
8636	baojie	5	0	6100	1.1	1	dzahx14971eae124	20190107
8637	lv	5	0	5800	4.1	2	chzge15635zhe146	20190107
8638	apple	15	1	0000	2.1	1	ggghm13952fxe158	20190107
8639	apple	15	3	2200	1.1	1	zgfmg14197gah145	20190107
8640	maotai	5	0	1100	5.1	2	ffyzh14561ywa129	20190107
8641	microsoft	5	0	6500	1.1	1	afdgy14890ezh149	20190107
8642	apple	5	0	9100	6.1	1	zfahd14499hcd178	20190107
8643	pinduoduo	5	0	3300	1.1	1	ezmag15526zex163	20190107
8644	lv	5	0	4900	3.1	1	zmmzf13851mzh158	20190107
8645	maotai	15	2	5200	2.2	1	ymdfy15093hzh137	20190107
8646	pinduoduo	5	0	4200	2.2	2	eheme15574eef128	20190107
8647	baojie	15	1	6500	1.2	1	mfxaa14235wze193	20190107
8648	huawei	5	0	6400	4.1	1	ffzaa15344edm123	20190107
8649	microsoft	15	2	1900	2.2	2	yxmdz14875dya147	20190107
8650	microsoft	5	0	9200	1.1	2	zeaww14527wxm120	20190107
8651	chanel	5	0	0000	4.1	1	awewm15281eyz193	20190107
8652	maotai	5	0	5200	2.1	1	cfexy15690gxd126	20190107
8653	microsoft	5	0	2900	1.1	1	waegh14850cfa134	20190107
8654	xiaomi	15	4	7300	1.1	1	xgdhe15238yhm136	20190107
8655	pinduoduo	15	6	1100	2.1	1	zfzye13900gyf171	20190107
8656	pinduoduo	5	0	7700	4.1	1	xcycx14882mxh119	20190107
8657	chanel	15	2	0000	2.2	1	zehzy14362zmm186	20190107
8658	apple	15	6	4500	2.2	1	gfwzx15346mgf151	20190107
8659	lv	15	2	5200	1.1	1	xehmx14373xfy123	20190107
8660	maotai	15	6	2400	1.1	1	gfwzx15346mgf151	20190107
8661	huawei	15	6	1100	1.1	1	gzfmz15063hfm123	20190107
8662	maotai	15	5	4200	2.2	1	ayxdw15074wwf159	20190107
8663	apple	5	0	6400	3.1	2	hfzhy15824yag136	20190107
8664	pinduoduo	5	0	3900	3.1	1	wmdfe14457hme191	20190107
8665	microsoft	5	0	4200	3.1	2	zexhz14710dag190	20190107
8666	huawei	5	0	3300	1.2	1	zhfxc15392fad145	20190107
8667	chanel	5	0	4500	1.2	1	zfwdx13995gfw169	20190107
8668	maotai	5	0	1600	1.2	1	aaxxy14111dxh189	20190107
8669	maotai	5	0	7700	5.1	2	xfdwc15051wdx181	20190107
8670	pinduoduo	15	4	2900	1.1	1	zfccx15516fee138	20190107
8671	baojie	5	0	2900	2.2	1	zzfmz15141zdw131	20190107
8672	pinduoduo	15	1	6500	1.2	2	gczmc14381aff176	20190107
8673	lv	15	1	4900	1.1	2	zamxe14710hma194	20190107
8674	apple	15	4	1200	2.2	1	whdga14265ezf181	20190107
8675	maotai	5	0	4200	6.1	1	axcah14786gye193	20190107
8676	pinduoduo	5	0	6500	1.2	1	fymea13841caa131	20190107
8677	maotai	15	2	2900	2.2	1	gfahg15109gca147	20190107
8678	jd	15	6	3900	1.2	1	hafee14828wgy175	20190107
8679	lv	5	0	2200	1.2	1	daaxf14562dca140	20190107
8680	xiaomi	5	0	4500	1.1	1	gfwzx15346mgf151	20190107
8681	pinduoduo	5	0	1200	2.1	1	dzxmc15358gza133	20190107
8682	lv	15	3	4500	1.1	1	dzzee15075afg117	20190107
8683	apple	15	1	6500	1.1	1	gdyem15786exx129	20190107
8684	xiaomi	5	0	1900	2.2	1	zfhxh15489wxx141	20190107
8685	chanel	5	0	8500	4.1	1	cmzhy14412yhh189	20190107
8686	lv	15	4	7300	1.2	1	ffzaa15344edm123	20190107
8687	baojie	5	0	3900	4.1	1	ymdfy15093hzh137	20190107
8688	pinduoduo	15	4	5800	1.2	1	fddxm15590cmy132	20190107
8689	huawei	5	0	2200	2.1	1	cydgx14960xha166	20190107
8690	maotai	15	5	5800	2.2	1	zmmzf13851mzh158	20190107
8691	huawei	5	0	4500	5.1	1	hzwzd15303aff142	20190107
8692	baojie	5	0	4900	6.1	2	mchmz15259dyw186	20190107
8693	lv	5	0	9000	2.2	2	defcx14728xzx180	20190107
8694	pinduoduo	15	1	6100	1.2	2	hzwfa13841hfw167	20190107
8695	xiaomi	15	4	1600	2.1	2	ywgad15080cgh156	20190107
8696	lv	15	2	8700	1.1	1	zeaww14527wxm120	20190107
8697	microsoft	15	6	5500	2.2	2	ymyza14785caa169	20190107
8698	xiaomi	15	6	8800	2.2	2	affha13838eha171	20190107
8699	maotai	5	0	1200	2.2	2	fddza13870gyd188	20190107
8700	microsoft	5	0	8200	6.1	2	hfgex14452zfm158	20190107
8701	maotai	15	4	6400	1.2	2	ehgax14462dww135	20190107
8702	pinduoduo	5	0	1000	3.1	1	fhgex15661mhd183	20190107
8703	microsoft	15	2	6500	2.2	2	xxxzz15121dzx132	20190107
8704	xiaomi	5	0	8700	6.1	1	whdga14265ezf181	20190107
8705	microsoft	15	5	2400	1.1	2	hhhha14111hxx163	20190107
8706	huawei	5	0	6500	2.1	1	yehxd15404zgx137	20190107
8707	microsoft	15	2	1100	2.2	2	dwxmy14378hdx118	20190107
8708	baojie	5	0	5200	2.2	1	dcefw14760xyf165	20190107
8709	jd	5	0	3300	1.2	2	dzcyh15064xaw173	20190107
8710	xiaomi	15	5	0000	2.2	2	efyma15319dew159	20190107
8711	jd	15	1	5500	1.1	2	fxdaf15157ydf132	20190107
8712	huawei	5	0	6100	4.1	1	dzahx14971eae124	20190107
8713	huawei	5	0	6500	5.1	1	ydagg14535fex176	20190107
8714	pinduoduo	5	0	5500	1.1	1	adwzf14784xcy187	20190107
8715	jd	5	0	7300	4.1	1	yehwc15043wae142	20190107
8716	baojie	15	4	9100	2.2	1	xcxac15401zmh185	20190107
8717	pinduoduo	15	3	4200	2.2	1	wgefd14159acg178	20190107
8718	maotai	15	5	5200	2.1	2	ceczc14890zhy153	20190107
8719	baojie	5	0	3000	6.1	1	fcyyx14621eew140	20190107
8720	microsoft	5	0	6100	1.1	1	amazw14775cfd152	20190107
8721	huawei	15	3	6500	1.2	1	hmfad15307fye165	20190107
8722	baojie	5	0	9000	6.1	1	caddx15709agx159	20190107
8723	apple	5	0	9200	5.1	1	axezm13928emw126	20190107
8724	chanel	5	0	5800	2.1	1	zzadd15615mhc136	20190107
8725	microsoft	15	4	7300	2.1	1	fyzfa15005gxf194	20190107
8726	huawei	5	0	6400	3.1	1	dzahx14971eae124	20190107
8727	huawei	15	1	9200	2.2	1	hgefa14487cxx166	20190107
8728	microsoft	5	0	4500	5.1	1	mhzhc15432ewg153	20190107
8729	apple	15	1	1200	1.2	1	dxxde15621yzy146	20190107
8730	microsoft	5	0	1100	2.2	2	exchw15133gaa179	20190107
8731	baojie	5	0	3900	2.1	1	waegh14850cfa134	20190107
8732	lv	15	3	7700	2.2	1	mghza15188wcz118	20190107
8733	chanel	15	4	8500	2.1	2	ffemx13833azm135	20190107
8734	xiaomi	15	3	9000	2.2	2	eeccd14030zfa184	20190107
8735	xiaomi	15	2	1200	2.2	1	ymdfy15093hzh137	20190107
8736	maotai	5	0	8200	6.1	2	zffhd14497dhz157	20190107
8737	maotai	5	0	2600	3.1	1	xddzy15294xfy157	20190107
8738	jd	15	4	8200	2.1	1	gffmh14510dfd173	20190107
8739	huawei	15	5	9200	1.2	1	wfyaw15583maa170	20190107
8740	lv	5	0	3000	6.1	2	xfagc14439axz171	20190107
8741	huawei	15	2	4200	1.2	2	ddgyy15815gxe169	20190107
8742	huawei	5	0	2200	3.1	1	hyhwz15347ezh175	20190107
8743	huawei	5	0	6500	4.1	1	mxmmz14569xef140	20190107
8744	jd	15	2	8500	2.2	1	xcxac15401zmh185	20190107
8745	maotai	15	1	7300	2.1	1	afhca15773axh186	20190107
8746	baojie	15	5	5200	2.1	2	eyhma14054gxa157	20190107
8747	lv	5	0	8200	2.1	1	yzdwa14113hax147	20190107
8748	baojie	5	0	6400	1.1	1	mghza15188wcz118	20190107
8749	lv	15	6	4200	2.2	1	ggzfc13932dgz190	20190107
8750	lv	15	2	6500	2.1	1	fawee14971eww176	20190107
8751	pinduoduo	5	0	6400	3.1	1	zyeyz15598mzx117	20190107
8752	chanel	5	0	8700	5.1	1	dgcfh13852ddc173	20190107
8753	xiaomi	15	3	4200	1.2	2	xhygh14540fxd148	20190107
8754	microsoft	15	4	6100	2.2	1	xhygm14820dde138	20190107
8755	pinduoduo	5	0	1100	1.2	2	fxzww14845cwd171	20190107
8756	chanel	15	6	4900	1.2	2	eeafg14500ggd133	20190107
8757	pinduoduo	15	6	7000	2.1	2	xwwxe14219wmw195	20190107
8758	baojie	5	0	4500	3.1	1	gczmc14381aff176	20190107
8759	huawei	5	0	7000	1.1	1	gcazx15695dze136	20190107
8760	chanel	15	3	5200	2.1	1	ywceg13978efd149	20190107
8761	baojie	5	0	1000	1.2	1	afdgy14890ezh149	20190107
8762	pinduoduo	15	1	6400	2.2	1	mchmz15259dyw186	20190107
8763	huawei	5	0	9200	4.1	1	xxege15218efw142	20190107
8764	pinduoduo	15	4	6500	1.2	1	xadzg15758eha128	20190107
8765	lv	15	4	4500	1.1	2	gmwxa14476ehz154	20190107
8766	xiaomi	5	0	2200	5.1	1	fmxgy14213gme184	20190107
8767	pinduoduo	15	3	6500	2.2	2	ezcze14102dgd146	20190107
8768	chanel	5	0	7000	2.1	2	ffzaa15344edm123	20190107
8769	microsoft	5	0	6100	4.1	2	yfdyy14675mwf119	20190107
8770	maotai	5	0	8500	4.1	1	cmgfz15638mxe122	20190107
8771	baojie	15	1	8500	2.1	2	wxefd13906yhc170	20190107
8772	pinduoduo	5	0	3000	6.1	1	ffyzh14561ywa129	20190107
8773	jd	5	0	1000	4.1	1	zdxhw15423whe178	20190107
8774	jd	15	6	9100	2.1	2	cwcxd15497xme137	20190107
8775	apple	15	3	1200	2.2	1	xyehw14120fxf135	20190107
8776	pinduoduo	5	0	3300	2.2	1	afcmd14199dez150	20190107
8777	microsoft	5	0	6500	2.2	1	ezezh15036xfe164	20190107
8778	xiaomi	5	0	7900	4.1	1	gmyhm15279acg163	20190107
8779	chanel	5	0	4500	2.2	1	ffmgy15319cye146	20190107
8780	huawei	15	4	8200	1.2	2	fhmfy15117dzg176	20190107
8781	chanel	5	0	1000	5.1	1	cwwwe13889ddd126	20190107
8782	apple	5	0	7900	2.2	1	acmha14912fdy192	20190107
8783	pinduoduo	5	0	6500	1.1	1	axhdm15694eex187	20190107
8784	jd	15	5	7300	1.1	1	ygmch13898edd185	20190107
8785	microsoft	15	3	1000	1.1	2	afhca15773axh186	20190107
8786	pinduoduo	5	0	7300	4.1	1	zfccx15516fee138	20190107
8787	maotai	5	0	4200	1.2	1	hzwyd13904aeh191	20190107
8788	maotai	15	4	5200	1.2	2	hzwfa13841hfw167	20190107
8789	chanel	5	0	8800	1.2	1	awexm14248ddx193	20190107
8790	microsoft	15	2	5800	2.1	2	hfgex14452zfm158	20190107
8791	huawei	15	4	6500	2.2	1	cgzzm15572aww153	20190107
8792	apple	15	4	1200	2.1	1	cwcgm15378gze177	20190107
8793	apple	5	0	4200	3.1	1	efzzf15349xax171	20190107
8794	maotai	15	3	6500	2.2	1	eddhx14180hfh119	20190107
8795	baojie	5	0	1200	1.2	2	deehg13891xxe153	20190107
8796	maotai	5	0	0000	2.1	2	zgmzf14063hgg124	20190107
8797	lv	15	1	7300	2.2	1	cmwwx14519edc170	20190107
8798	maotai	15	3	7000	2.1	1	eheme15574eef128	20190107
8799	baojie	5	0	0000	1.2	1	mhdfg15179age167	20190107
8800	apple	15	3	5200	2.1	1	xdafg14008gzm125	20190107
8801	maotai	5	0	6500	5.1	2	zcccc14603fzx129	20190107
8802	huawei	15	1	2400	1.1	1	dxfzd13853awc164	20190107
8803	jd	15	3	2600	1.1	1	dyamz15167exh173	20190107
8804	maotai	15	3	3000	2.1	1	zaddc15277hya184	20190107
8805	microsoft	15	4	8700	1.2	2	yyhxz14898fmz194	20190107
8806	xiaomi	5	0	3000	1.2	1	dcefw14760xyf165	20190107
8807	lv	5	0	7700	2.2	2	ezezh15036xfe164	20190107
8808	baojie	5	0	1200	5.1	1	exchw15133gaa179	20190107
8809	xiaomi	5	0	9100	3.1	1	dzcmw14088med184	20190107
8810	jd	15	2	5800	2.2	1	czafa15089zfg195	20190107
8811	xiaomi	15	5	6500	2.1	1	gdxaf14958fcg174	20190107
8812	lv	15	1	1900	1.2	2	dfxhy14836daa146	20190107
8813	jd	5	0	3600	1.2	2	wxxdz14564hfm189	20190107
8814	apple	15	5	1200	1.2	1	caddx15709agx159	20190107
8815	lv	15	4	3900	1.1	1	wzaah14944fay123	20190107
8816	huawei	5	0	2400	5.1	1	cxwgg14995exf165	20190107
8817	jd	15	3	2600	1.2	1	agccf14341fgf161	20190107
8818	apple	15	3	6500	2.1	2	cxwgg14995exf165	20190107
8819	xiaomi	15	1	3300	2.2	2	zgfmg14197gah145	20190107
8820	apple	15	1	3900	2.2	1	zzadd15615mhc136	20190107
8821	xiaomi	15	6	7900	2.2	1	hmfad15307fye165	20190107
8822	maotai	15	3	6100	2.2	2	hyhzh15373cym172	20190107
8823	microsoft	15	1	3300	1.2	1	zacwf15392cfw140	20190107
8824	jd	15	4	1600	1.2	2	dxfzd13853awc164	20190107
8825	apple	15	4	8800	1.2	2	mgmzg14709ycx192	20190107
8826	maotai	5	0	3600	3.1	1	yhmzh15533xex183	20190107
8827	baojie	5	0	3000	1.2	2	gmmfw15452gag125	20190107
8828	maotai	5	0	4900	1.1	1	hzwfa13841hfw167	20190107
8829	lv	15	6	0000	2.1	1	cgzzm15572aww153	20190107
8830	maotai	5	0	5200	5.1	1	hafee14828wgy175	20190107
8831	lv	5	0	6500	4.1	2	adday14155yhg133	20190107
8832	lv	5	0	3300	1.1	1	cdmdw15434gae173	20190107
8833	baojie	5	0	2400	6.1	2	xcchx14484xmf129	20190107
8834	jd	5	0	8800	5.1	2	efwmw15811axa138	20190107
8835	baojie	5	0	3300	6.1	2	gcgyz15807hfm177	20190107
8836	pinduoduo	5	0	6500	3.1	2	cwcxd15497xme137	20190107
8837	baojie	15	6	8500	2.1	2	hyadz15432amw125	20190107
8838	jd	5	0	6100	1.2	1	edzec15091agc147	20190107
8839	apple	15	5	7700	2.1	1	wexdc15575yhd152	20190107
8840	chanel	5	0	4500	3.1	2	xwzeh14572wed165	20190107
8841	maotai	15	4	8500	1.2	1	dfemz14437wfx121	20190107
8842	pinduoduo	5	0	6500	1.2	2	gmhzy14840xhy117	20190107
8843	maotai	5	0	4500	3.1	1	zyzdw15267xdy143	20190107
8844	baojie	5	0	5200	4.1	1	dcefw14760xyf165	20190107
8845	xiaomi	15	3	3600	2.1	1	fyzfa15005gxf194	20190107
8846	jd	15	4	9000	1.2	2	fymea13841caa131	20190107
8847	baojie	15	6	3900	1.1	1	dhhcf14511azz143	20190107
8848	huawei	5	0	7700	2.1	1	wceaa13952dzg146	20190107
8849	chanel	5	0	8800	4.1	1	mxzgm14841ahc147	20190107
8850	jd	15	4	9200	2.2	1	ccaza15343fdz179	20190107
8851	microsoft	15	4	2200	1.2	1	wdwza14787zfm153	20190107
8852	huawei	5	0	1200	3.1	1	xmedf14398hzd185	20190107
8853	apple	5	0	9000	4.1	1	xwwzf14041zwd186	20190107
8854	baojie	15	6	5800	2.1	1	azdcy14006hxd175	20190107
8855	pinduoduo	15	4	2400	2.2	1	zgfmg14197gah145	20190107
8856	chanel	15	4	1200	2.2	2	czafa15089zfg195	20190107
8857	xiaomi	5	0	4500	5.1	1	cwwwe13889ddd126	20190107
8858	pinduoduo	15	5	6100	1.2	1	cfexy15690gxd126	20190107
8859	huawei	5	0	9000	1.1	1	wmaeg14376ece163	20190107
8860	apple	15	4	7700	2.2	1	xgeyw15232myd193	20190107
8861	maotai	5	0	8500	1.2	1	fxdag15557xzf141	20190107
8862	apple	15	5	7700	1.1	1	yhmzh15533xex183	20190107
8863	apple	15	4	8500	1.1	1	hfghy14610hhd152	20190107
8864	jd	15	5	4200	2.2	1	zeaww14527wxm120	20190107
8865	xiaomi	15	2	9100	2.1	1	ehffm15331add175	20190107
8866	lv	5	0	0000	3.1	1	whdga14265ezf181	20190107
8867	apple	5	0	3300	2.1	2	defcx14728xzx180	20190107
8868	huawei	5	0	2400	4.1	1	gafxc14977wfx191	20190107
8869	baojie	15	6	2600	2.1	1	yfdgd14902mwc184	20190107
8870	maotai	5	0	1200	1.1	1	dcxzz15073xam187	20190107
8871	pinduoduo	15	6	7900	1.2	2	hfghy14610hhd152	20190107
8872	xiaomi	15	4	8200	2.2	2	dxzye15788cwa138	20190107
8873	maotai	5	0	3600	4.1	1	xxxef15099zhw132	20190107
8874	chanel	15	3	7900	1.1	1	zmmwy14491ggg133	20190107
8875	lv	15	5	8200	1.1	1	yamhm14370zem188	20190107
8876	apple	15	2	0000	1.1	1	yfhzd13811aey182	20190107
8877	maotai	15	6	4500	2.2	1	fdced14670ymz119	20190107
8878	baojie	15	5	8800	1.2	2	ahgmm15826eam166	20190107
8879	maotai	5	0	3000	1.1	2	ddgyy15815gxe169	20190107
8880	jd	15	4	8200	2.2	1	fymea13841caa131	20190107
8881	maotai	5	0	3600	4.1	1	dhhcf14511azz143	20190107
8882	chanel	5	0	1900	1.1	1	affha13838eha171	20190107
8883	microsoft	5	0	5200	1.1	2	yfdyy14675mwf119	20190107
8884	jd	15	6	2400	2.2	1	hfahd14472hyf130	20190107
8885	maotai	5	0	9100	4.1	1	xfdwc15051wdx181	20190107
8886	baojie	15	2	1100	1.2	1	gczhf15093wyz145	20190107
8887	lv	15	2	6100	1.2	1	dxcwc14291xzc191	20190107
8888	apple	5	0	7700	5.1	1	dxfzd13853awc164	20190107
8889	microsoft	15	5	8700	1.1	2	fcyyx14621eew140	20190107
8890	lv	15	1	6400	2.2	1	zhfxc15392fad145	20190107
8891	huawei	5	0	6100	4.1	1	ezafg15489ezz153	20190107
8892	maotai	5	0	1100	4.1	2	xzhax15461hcm186	20190107
8893	lv	15	6	3900	1.1	1	zdxhw15423whe178	20190107
8894	apple	15	2	1900	2.2	1	mzema15766yxy165	20190107
8895	xiaomi	5	0	5500	2.2	1	ahffx13938cfa193	20190107
8896	baojie	5	0	6100	4.1	2	xzzxm15651zdd133	20190107
8897	chanel	15	3	4200	2.2	1	aexxe14418czh129	20190107
8898	huawei	15	2	6100	2.1	2	xdafg14008gzm125	20190107
8899	pinduoduo	15	3	2600	2.2	1	fdzdm14411yhm149	20190107
8900	lv	5	0	4200	2.2	2	cmgfz15638mxe122	20190107
8901	pinduoduo	15	2	2900	2.2	2	yyewx15420wcg188	20190107
8902	lv	5	0	5200	4.1	1	gffmh14510dfd173	20190107
8903	apple	5	0	5200	1.2	2	cmdgw15568fzg175	20190107
8904	huawei	15	3	9100	1.1	1	ahgmm15826eam166	20190107
8905	baojie	5	0	3000	6.1	1	dcdfy15231ycd157	20190107
8906	xiaomi	5	0	4200	4.1	1	mxday15787dez148	20190107
8907	apple	15	1	8500	1.1	1	cxwma15175dxx167	20190107
8908	xiaomi	5	0	9200	1.2	2	fmdzm15504ema148	20190107
8909	chanel	5	0	7300	1.2	1	mcecf15782ewd148	20190107
8910	microsoft	5	0	9200	5.1	1	xzhax15461hcm186	20190107
8911	huawei	15	6	5500	2.1	1	cgzzm15572aww153	20190107
8912	maotai	5	0	1900	2.1	2	ffzaa15344edm123	20190107
8913	lv	5	0	8700	2.2	2	xgdmx14927wcd144	20190107
8914	apple	15	6	3000	2.2	2	afhef15037wmm156	20190107
8915	xiaomi	5	0	3300	6.1	2	axhdm15694eex187	20190107
8916	maotai	5	0	2900	2.1	2	fgcwe14503gee117	20190107
8917	microsoft	5	0	0000	1.2	1	fdced14670ymz119	20190107
8918	lv	15	5	1200	1.1	2	dcxzz15073xam187	20190107
8919	maotai	5	0	6400	3.1	1	dxyxw14583zcw159	20190107
8920	xiaomi	15	3	2600	1.1	2	wxmgz14825gmh128	20190107
8921	pinduoduo	5	0	7900	1.2	1	mmhzc15803eaz169	20190107
8922	jd	5	0	6500	5.1	1	ffcay14973awm132	20190107
8923	microsoft	15	4	8800	1.1	2	zaexw15831chh190	20190107
8924	microsoft	15	5	2400	1.1	1	xmedf14877agd119	20190107
8925	lv	5	0	3600	3.1	1	egaem14421dye172	20190107
8926	huawei	15	5	8200	1.2	1	mgmdc15692dxw179	20190107
8927	chanel	5	0	7900	4.1	2	hdxdg14419fee137	20190107
8928	microsoft	5	0	7900	2.2	1	ffzaa15344edm123	20190107
8929	baojie	15	3	8700	1.1	1	afdgy14890ezh149	20190107
8930	maotai	15	4	1000	1.1	1	dfxhy14836daa146	20190107
8931	jd	5	0	8200	1.2	1	hzwyd13904aeh191	20190107
8932	huawei	5	0	9200	1.1	1	xzzxm15651zdd133	20190107
8933	jd	15	1	1100	1.1	2	fxyhw15696zyz186	20190107
8934	baojie	5	0	8800	3.1	2	gdhzd15607gzg161	20190107
8935	lv	15	2	8800	1.1	1	dfeec13930ehe189	20190107
8936	lv	5	0	7000	4.1	1	czafa15089zfg195	20190107
8937	maotai	5	0	6500	6.1	2	cgzzm15572aww153	20190107
8938	lv	15	2	5500	1.2	1	dxfzd13853awc164	20190107
8939	pinduoduo	5	0	1200	1.2	2	dcacc15768fyh173	20190107
8940	baojie	15	5	1200	2.1	1	dzghz14469add127	20190107
8941	maotai	15	2	3300	2.1	2	hdwxc15369cyx138	20190107
8942	microsoft	5	0	5500	1.2	2	ahgmm15826eam166	20190107
8943	lv	15	6	7300	1.1	1	dhhcf14511azz143	20190107
8944	chanel	5	0	4200	3.1	1	cxwgg14995exf165	20190107
8945	lv	5	0	7700	1.1	2	xfdwc15051wdx181	20190107
8946	lv	5	0	5200	1.1	2	zfhxh15489wxx141	20190107
8947	apple	5	0	7900	4.1	2	mfxaa14235wze193	20190107
8948	xiaomi	5	0	2200	2.1	1	zmmzf13851mzh158	20190107
8949	pinduoduo	15	2	3600	1.1	1	haece15310zfy180	20190107
8950	baojie	5	0	9100	4.1	1	fehcx14475awz168	20190107
8951	apple	5	0	2600	5.1	2	cmdgw15568fzg175	20190107
8952	baojie	5	0	8500	4.1	1	gczhf15093wyz145	20190107
8953	chanel	5	0	8200	1.2	1	xcchx14484xmf129	20190107
8954	xiaomi	15	2	2900	2.1	1	ghegh15593aew178	20190107
8955	microsoft	15	6	7000	2.2	2	ehhwh13896hfm194	20190107
8956	chanel	15	3	5500	1.1	1	ffcay14973awm132	20190107
8957	maotai	15	5	5800	1.1	2	yffzm15394dfg163	20190107
8958	jd	5	0	2900	6.1	1	ayyed15424chg122	20190107
8959	huawei	15	3	8200	1.1	2	efzzf15349xax171	20190107
8960	lv	5	0	2200	2.2	2	fehcx14475awz168	20190107
8961	huawei	5	0	2400	1.1	1	hfagy15663gme166	20190107
8962	apple	15	6	6100	1.1	1	dxzye15788cwa138	20190107
8963	jd	5	0	6100	1.1	1	exhgd14888fwf183	20190107
8964	chanel	15	6	3000	2.2	2	gxemw14483wdg188	20190107
8965	lv	5	0	8500	6.1	2	dmfdx15245mag125	20190107
8966	huawei	5	0	5500	1.1	2	wxmgz14825gmh128	20190107
8967	lv	15	5	4500	2.2	1	zyeyz15598mzx117	20190107
8968	jd	15	2	7300	1.2	1	ywceg13978efd149	20190107
8969	chanel	15	4	8800	1.1	1	mmeme15249cga130	20190107
8970	lv	5	0	8700	5.1	2	ghwea15500czw160	20190107
8971	jd	15	5	1200	1.2	1	ffemx13833azm135	20190107
8972	chanel	5	0	1600	3.1	2	cfadf14916ddd184	20190107
8973	chanel	5	0	4900	2.1	1	aczya15129ehh182	20190107
8974	pinduoduo	5	0	3900	1.2	1	gadwe13988zmd124	20190107
8975	xiaomi	5	0	2600	3.1	1	mdzmf14132gha186	20190107
8976	maotai	15	2	4500	2.2	1	yecca14290eec141	20190107
8977	xiaomi	15	6	5500	2.1	2	xgdmx14927wcd144	20190107
8978	apple	5	0	3900	5.1	1	hfahd14472hyf130	20190107
8979	pinduoduo	15	5	8200	1.2	1	zdhme15277edh135	20190107
8980	apple	5	0	7700	1.1	1	cxwgg14995exf165	20190107
8981	huawei	5	0	7300	1.2	1	xzezw14892xaw161	20190107
8982	jd	5	0	9000	3.1	1	ggghm13952fxe158	20190107
8983	xiaomi	15	1	1600	2.1	1	hfghy14610hhd152	20190107
8984	lv	5	0	6500	4.1	1	caddx15709agx159	20190107
8985	huawei	5	0	6500	3.1	1	xfcdf15299zad180	20190107
8986	xiaomi	5	0	3300	3.1	2	mgzhg15777mxm156	20190107
8987	lv	15	3	3900	1.1	2	ehafd14854yya151	20190107
8988	huawei	5	0	4200	2.1	1	xdafg14008gzm125	20190107
8989	xiaomi	15	6	3900	2.2	1	aeczh14322ffa191	20190107
8990	xiaomi	15	2	6500	2.1	1	hcxzc13885wdx148	20190107
8991	chanel	5	0	3000	1.2	2	gcecz14704gef163	20190107
8992	apple	5	0	9200	2.1	1	gxemw14483wdg188	20190107
8993	pinduoduo	15	5	0000	2.2	1	hhfzy14035egc158	20190107
8994	chanel	5	0	9000	3.1	1	zzadd15615mhc136	20190107
8995	apple	5	0	1900	6.1	1	axagf15202fwf168	20190107
8996	maotai	15	4	5800	1.2	1	ahhey14274zez153	20190107
8997	maotai	15	6	9100	1.1	1	fymzh14739max189	20190107
8998	apple	5	0	3300	1.1	1	zdhch15379cem145	20190107
8999	pinduoduo	5	0	3600	6.1	1	wwwam15654gxc178	20190107
9000	huawei	15	6	6400	1.2	1	yhmzh15533xex183	20190107
9001	apple	5	0	6400	6.1	2	eafwy14241efy190	20190107
9002	pinduoduo	15	4	1000	2.1	2	xxcgz15108yzm139	20190107
9003	maotai	5	0	8700	4.1	1	xwezz14679hwx144	20190107
9004	baojie	15	3	2200	1.1	1	femgy15104hcd177	20190107
9005	huawei	15	2	3900	1.1	1	mmhzc15803eaz169	20190107
9006	maotai	5	0	4200	3.1	1	wcccc15814zxf137	20190107
9007	maotai	15	5	2200	2.1	2	dyamz15167exh173	20190107
9008	xiaomi	5	0	4200	1.1	2	wceaa13952dzg146	20190107
9009	apple	15	1	4500	2.1	1	affae15501wym162	20190107
9010	maotai	5	0	7700	5.1	1	azdcy14006hxd175	20190107
9011	pinduoduo	15	2	2400	1.2	1	mdaey13910cgc192	20190107
9012	lv	15	1	7300	2.2	1	ffyzh14561ywa129	20190107
9013	pinduoduo	5	0	6500	2.2	1	xxayx15015amw148	20190107
9014	microsoft	5	0	1000	1.2	1	efyma15319dew159	20190107
9015	lv	15	1	7900	2.1	2	yehwc15043wae142	20190107
9016	xiaomi	15	6	1900	1.1	2	ddamz15405wxz181	20190107
9017	lv	15	4	7300	2.2	1	fecdx14925ffz133	20190107
9018	apple	15	5	3900	2.1	2	cfadf14916ddd184	20190107
9019	xiaomi	5	0	9200	3.1	1	hzwzd15303aff142	20190107
9020	jd	15	5	2900	2.2	1	hfahd14472hyf130	20190107
9021	microsoft	5	0	3300	1.2	1	afdgy14890ezh149	20190107
9022	maotai	15	1	3600	1.1	2	gafxc14977wfx191	20190107
9023	jd	5	0	2400	2.2	2	mcfdc15110fez140	20190107
9024	lv	5	0	3300	3.1	1	czymg15163gfm155	20190107
9025	lv	15	4	7000	2.1	1	cydfg14156xea169	20190107
9026	baojie	15	3	1900	1.1	1	zgmzf14063hgg124	20190107
9027	microsoft	15	2	3600	1.2	2	eaaax14516ywe184	20190107
9028	pinduoduo	15	2	8700	2.1	1	aaxxy14111dxh189	20190107
9029	pinduoduo	5	0	2900	2.1	1	hmdca14744cda186	20190107
9030	baojie	5	0	8500	5.1	1	mgmdc15692dxw179	20190107
9031	microsoft	15	4	3000	2.2	1	hddff14734zzx191	20190107
9032	maotai	5	0	1200	1.1	1	wcccc15814zxf137	20190107
9033	apple	5	0	2900	2.2	2	hfagy15663gme166	20190107
9034	microsoft	15	2	8700	1.2	2	ahcyx14457wha126	20190107
9035	xiaomi	5	0	3600	2.2	2	dxxde15621yzy146	20190107
9036	chanel	15	6	6500	1.1	1	wceaa13952dzg146	20190107
9037	maotai	5	0	3600	2.2	1	fcxhm14405xda192	20190107
9038	maotai	5	0	4900	2.1	1	cfadf14916ddd184	20190107
9039	jd	15	3	6100	2.1	2	hzwzd15303aff142	20190107
9040	xiaomi	15	5	8800	1.2	1	afcmd14199dez150	20190107
9041	huawei	15	2	1600	2.1	1	cehfg14867aec191	20190107
9042	microsoft	5	0	9100	4.1	1	xzzxm15651zdd133	20190107
9043	microsoft	15	5	9100	2.2	1	yyahw14212dyw142	20190107
9044	microsoft	5	0	3600	4.1	1	afcmd14199dez150	20190107
9045	jd	5	0	1000	1.2	2	yydhm14641amw178	20190107
9046	maotai	5	0	5500	6.1	1	dfxhy14836daa146	20190107
9047	apple	5	0	4500	4.1	2	xmeef14806ddc139	20190107
9048	lv	5	0	1000	2.2	1	fddxm15590cmy132	20190107
9049	jd	5	0	7700	6.1	1	wmdca14146cde118	20190107
9050	maotai	15	2	8700	2.2	1	fawee14971eww176	20190107
9051	maotai	5	0	3300	1.1	1	dmcge15375ehe147	20190107
9052	baojie	5	0	3900	5.1	1	xhygm14820dde138	20190107
9053	lv	5	0	4900	4.1	1	gmedc14076dgw118	20190107
9054	baojie	5	0	2400	1.2	1	azdcy14006hxd175	20190107
9055	pinduoduo	5	0	2400	5.1	1	eyefh15146egg127	20190107
9056	pinduoduo	15	5	2400	1.1	2	hyhzh15373cym172	20190107
9057	baojie	15	1	4900	2.2	2	zggdf15167egx117	20190107
9058	jd	15	3	3000	1.1	1	emzfw13981mya127	20190107
9059	baojie	5	0	5200	1.2	1	ccezz15686dad127	20190107
9060	xiaomi	5	0	2900	1.2	1	eddhx14180hfh119	20190107
9061	baojie	5	0	6100	2.2	1	yfdgd14902mwc184	20190107
9062	apple	15	3	6500	1.1	1	fwyfh14458dwe178	20190107
9063	baojie	15	2	8500	1.1	1	gmmdz13836zmf164	20190107
9064	jd	5	0	2900	2.1	2	zgmzf14063hgg124	20190107
9065	chanel	5	0	3600	1.1	2	ychdg15528wxa151	20190107
9066	huawei	5	0	1900	2.1	2	ghegh15593aew178	20190107
9067	baojie	15	1	9100	2.1	1	cwhyy15110ehd152	20190107
9068	pinduoduo	15	2	3600	1.2	1	fawee14971eww176	20190107
9069	baojie	15	2	5200	1.2	1	cmwwx14519edc170	20190107
9070	xiaomi	5	0	3900	5.1	2	cwcdc14908xfc191	20190107
9071	maotai	5	0	4500	2.2	1	dzxmc15358gza133	20190107
9072	baojie	15	1	8500	1.2	1	mzema15766yxy165	20190107
9073	huawei	5	0	5500	4.1	1	zxwhf14823fch139	20190107
9074	maotai	5	0	9000	3.1	1	fddxm15590cmy132	20190107
9075	microsoft	5	0	1100	6.1	1	edgzd14746yhg149	20190107
9076	jd	5	0	1600	1.1	1	zmmwy14491ggg133	20190107
9077	chanel	5	0	5500	2.2	2	fxdaf15157ydf132	20190107
9078	jd	15	6	6400	1.1	1	xhygm14820dde138	20190107
9079	baojie	5	0	3000	1.2	2	dwghx14749feg192	20190107
9080	baojie	5	0	7000	1.1	2	yehxd15404zgx137	20190107
9081	chanel	5	0	6100	1.1	1	gdxaf14958fcg174	20190107
9082	xiaomi	5	0	1900	6.1	1	wfyca14777wym157	20190107
9083	chanel	15	2	2200	1.1	2	hmdca14744cda186	20190107
9084	huawei	15	6	4500	2.2	1	zxmwx15267xdx180	20190107
9085	apple	5	0	6100	2.1	1	zxdmm15803ggd121	20190107
9086	apple	5	0	6100	3.1	1	acmef14179dyw190	20190107
9087	xiaomi	15	1	0000	2.2	1	dwmhe14078ccx125	20190107
9088	huawei	5	0	2400	3.1	1	ygmch13898edd185	20190107
9089	microsoft	15	6	9100	2.2	2	gcmwh14499zaw159	20190107
9090	huawei	15	4	8800	2.1	1	fddxm15590cmy132	20190107
9091	maotai	5	0	1200	3.1	1	dfemz14437wfx121	20190107
9092	baojie	15	1	8800	1.2	1	mgmdc15692dxw179	20190107
9093	maotai	15	5	8800	1.2	1	dxyxw14583zcw159	20190107
9094	jd	5	0	2400	5.1	1	ehahg14092wex193	20190107
9095	jd	5	0	1900	2.2	1	dxwme15180ehc149	20190107
9096	microsoft	5	0	3900	1.1	2	efwmw15811axa138	20190107
9097	apple	5	0	7700	2.2	1	eafmw14124gxy173	20190107
9098	xiaomi	5	0	7300	4.1	1	gdhzd15607gzg161	20190107
9099	lv	5	0	5800	2.1	2	chcxf13837acc194	20190107
9100	lv	15	5	6500	1.1	1	fgcwe14503gee117	20190107
9101	maotai	5	0	8800	5.1	1	ezafg15489ezz153	20190107
9102	lv	5	0	7900	6.1	1	exhhd14477yyz146	20190107
9103	baojie	15	6	8800	2.1	1	agccf14341fgf161	20190107
9104	pinduoduo	5	0	2600	5.1	1	hyhzh15373cym172	20190107
9105	pinduoduo	5	0	4200	3.1	1	fdmfx15149eew142	20190107
9106	jd	5	0	7000	1.1	1	cfgha15315zhd184	20190107
9107	lv	5	0	6100	2.2	1	wedcf15267agy174	20190107
9108	jd	15	1	3000	2.2	1	cdmdw15434gae173	20190107
9109	pinduoduo	15	2	5500	2.2	1	ccfcz14585wza144	20190107
9110	chanel	5	0	7900	1.1	2	hfxmg14927exd194	20190107
9111	pinduoduo	15	4	3300	2.1	2	yzfhh15504zwc163	20190107
9112	xiaomi	15	3	7900	2.1	1	xgydx14751wza138	20190107
9113	maotai	5	0	6100	2.1	1	whgcf14128xwm148	20190107
9114	chanel	5	0	3900	2.1	1	ggghm13952fxe158	20190107
9115	jd	5	0	9100	1.1	1	ezgmz14857xmd119	20190107
9116	microsoft	15	3	8200	2.1	1	ecmxh15539mxy137	20190107
9117	microsoft	15	6	6100	1.1	2	ehfye15518cww193	20190107
9118	xiaomi	5	0	6100	1.1	2	mchmz15259dyw186	20190107
9119	microsoft	5	0	6100	1.2	1	cmdgw15568fzg175	20190107
9120	xiaomi	15	1	4500	2.2	1	fcyza15586mde177	20190107
9121	xiaomi	15	6	4900	2.2	2	xxdgc15464mge170	20190107
9122	apple	5	0	6100	5.1	1	dzmzy15319zfh136	20190107
9123	baojie	5	0	8500	1.1	2	chcxf13837acc194	20190107
9124	baojie	15	6	7900	2.2	1	dzzee15075afg117	20190107
9125	apple	5	0	5500	3.1	1	cfcgx14875aew195	20190107
9126	lv	5	0	9200	2.2	1	hdmex14321hzm188	20190107
9127	xiaomi	5	0	1200	4.1	1	xwezz14679hwx144	20190107
9128	apple	5	0	2600	2.1	1	fzyyx14531wxa184	20190107
9129	jd	5	0	2900	2.2	2	cgzzm15572aww153	20190107
9130	apple	15	1	4900	2.2	1	dgcfh13852ddc173	20190107
9131	jd	15	5	9200	1.1	1	wdemx15777zmh192	20190107
9132	xiaomi	15	5	3600	2.2	1	fzyyx14531wxa184	20190107
9133	huawei	5	0	3300	4.1	1	awyhh15261ffg122	20190107
9134	pinduoduo	15	2	9000	2.2	1	ecmxh15539mxy137	20190107
9135	baojie	15	2	7300	2.2	1	wfxcm14373mzw123	20190107
9136	xiaomi	15	3	2600	1.1	2	zffhd14497dhz157	20190107
9137	jd	15	3	2400	2.2	1	hyfaw15667xch181	20190107
9138	maotai	5	0	7000	1.1	1	mgmdc15692dxw179	20190107
9139	jd	5	0	7900	1.1	1	xmgfy15064cgd122	20190107
9140	maotai	5	0	8700	6.1	2	xadzg15758eha128	20190107
9141	apple	15	5	3300	2.1	2	ehfye15518cww193	20190107
9142	maotai	15	6	7000	1.2	1	cchcg15581mxf163	20190107
9143	lv	15	6	6500	1.2	1	hgzzy14625ayy181	20190107
9144	chanel	5	0	2200	3.1	1	ahcyx14457wha126	20190107
9145	huawei	15	1	7300	2.2	1	zdmxh15263wfe141	20190107
9146	chanel	5	0	1900	1.1	1	yfxam14517fmh133	20190107
9147	xiaomi	15	6	7700	1.2	1	hgefa14487cxx166	20190107
9148	xiaomi	15	6	8800	2.2	2	zzexm14693zed144	20190107
9149	xiaomi	15	2	7300	2.1	2	exhgd14888fwf183	20190107
9150	chanel	15	5	1900	1.2	1	zzadd15615mhc136	20190107
9151	microsoft	15	5	4200	1.2	2	mxmmz14569xef140	20190107
9152	maotai	5	0	7900	4.1	2	fhmfy15117dzg176	20190107
9153	xiaomi	15	4	3600	2.2	1	wmaeg14376ece163	20190107
9154	xiaomi	15	5	1100	1.2	1	fmxgy14213gme184	20190107
9155	apple	15	4	3000	1.2	1	dcacc15768fyh173	20190107
9156	lv	15	1	2600	2.1	1	exchw15133gaa179	20190107
9157	xiaomi	5	0	5200	1.2	2	cwhyy15110ehd152	20190107
9158	jd	5	0	2900	5.1	1	acmef14179dyw190	20190107
9159	huawei	15	2	6100	1.2	1	zyeyz15598mzx117	20190107
9160	microsoft	5	0	7300	4.1	2	mgzhg15777mxm156	20190107
9161	microsoft	5	0	6500	2.2	1	dmfcf14309mez122	20190107
9162	maotai	5	0	6100	2.2	1	ygezd15560whc194	20190107
9163	jd	5	0	4900	6.1	2	hdwxc15369cyx138	20190107
9164	chanel	5	0	1600	1.2	1	mddhz15583dzg122	20190107
9165	microsoft	15	1	9200	2.2	1	gzeyh13794xda153	20190107
9166	pinduoduo	5	0	1900	1.1	2	fhmfy15117dzg176	20190107
9167	xiaomi	5	0	6100	2.2	2	mxzgm14841ahc147	20190107
9168	jd	5	0	2600	2.1	1	yfxam14517fmh133	20190107
9169	jd	15	3	8700	1.2	2	edaad13994dwa168	20190107
9170	jd	15	6	9100	2.1	2	zdhch15379cem145	20190107
9171	baojie	5	0	5800	2.2	2	wexdc15575yhd152	20190107
9172	pinduoduo	5	0	8700	2.2	1	yehxd15404zgx137	20190107
9173	huawei	15	2	5500	1.2	1	yffzm15394dfg163	20190107
9174	chanel	15	2	3900	1.1	1	echwg14702mez165	20190107
9175	xiaomi	5	0	8800	2.1	2	ymdyx15469hgg133	20190107
9176	huawei	15	1	3600	1.1	1	affha13838eha171	20190107
9177	jd	15	2	6400	1.1	2	ydywd15759caz169	20190107
9178	apple	5	0	1100	3.1	1	ghegh15593aew178	20190107
9179	jd	5	0	7300	3.1	1	mcdzc15507eay170	20190107
9180	baojie	5	0	4200	1.2	2	cchcg15581mxf163	20190107
9181	lv	5	0	6400	5.1	1	hzxcm14381faa172	20190107
9182	maotai	5	0	9100	3.1	2	hdyza14350yga130	20190107
9183	lv	15	4	8200	2.2	2	fgzmz14914xcy143	20190107
9184	lv	15	2	3600	1.2	1	hfgex14452zfm158	20190107
9185	microsoft	5	0	2900	1.2	1	yzdwa14113hax147	20190107
9186	microsoft	5	0	2600	1.1	1	cdhme15762xfh130	20190107
9187	baojie	15	1	1900	1.2	2	gcecz14704gef163	20190107
9188	microsoft	15	2	8700	1.1	1	whwgc15284ham124	20190107
9189	apple	5	0	1000	3.1	2	yyewx15420wcg188	20190107
9190	chanel	15	2	6500	1.1	1	ghgcm13824xfy189	20190107
9191	chanel	5	0	8500	5.1	2	hyadz15432amw125	20190107
9192	baojie	15	1	7900	2.2	1	dzzee15075afg117	20190107
9193	jd	5	0	2600	2.1	1	mxhdy14191dma188	20190107
9194	maotai	15	6	1600	1.2	1	dxccy15046xae142	20190107
9195	apple	15	5	7300	1.2	2	mzzmf14110aza186	20190107
9196	pinduoduo	5	0	4900	1.2	1	gczmc14381aff176	20190107
9197	apple	15	5	6400	1.2	2	ewhxe15389yeh161	20190107
9198	huawei	5	0	8800	4.1	1	ewmxy14507hdf168	20190107
9199	apple	5	0	4900	4.1	1	mxmmz14569xef140	20190107
9200	apple	5	0	8800	4.1	1	fddxm15590cmy132	20190107
9201	lv	15	6	6400	1.2	1	wwcxg15530aae186	20190107
9202	lv	5	0	3000	2.2	1	xcdhx14080zym154	20190107
9203	apple	15	4	9200	1.1	2	wxzdf14024gdy119	20190107
9204	jd	5	0	2900	4.1	2	eeafg14500ggd133	20190107
9205	huawei	5	0	7000	2.1	2	yzmyz14585hyh168	20190107
9206	chanel	15	4	8200	1.1	2	efwmw15811axa138	20190107
9207	maotai	15	1	8500	2.2	1	mwwfy14056mxf125	20190107
9208	huawei	15	1	6500	1.1	2	yecca14290eec141	20190107
9209	apple	15	2	3000	2.2	1	gghym14445add158	20190107
9210	maotai	5	0	5800	6.1	1	ywceg13978efd149	20190107
9211	chanel	15	2	5800	1.2	2	dwxmy14378hdx118	20190107
9212	baojie	15	4	8700	2.1	1	amazw14775cfd152	20190107
9213	jd	15	5	9200	1.1	2	zaexw15831chh190	20190107
9214	maotai	5	0	3300	5.1	1	echwg14702mez165	20190107
9215	xiaomi	5	0	5800	1.2	1	ehzef15385dma144	20190107
9216	baojie	15	6	1600	2.2	2	fddxm15590cmy132	20190107
9217	microsoft	5	0	1600	1.1	1	ewxha14848yyf171	20190107
9218	pinduoduo	15	6	6400	2.2	2	xfagc14439axz171	20190107
9219	pinduoduo	15	1	3900	1.1	1	zxwhf14823fch139	20190107
9220	huawei	15	6	2200	1.1	1	xfagc14439axz171	20190107
9221	apple	15	6	9200	2.2	1	gwxma15334yfy154	20190107
9222	maotai	15	2	4900	2.1	2	ygmch13898edd185	20190107
9223	lv	5	0	1200	5.1	1	zdxhw15423whe178	20190107
9224	xiaomi	5	0	2600	3.1	2	fwyhz15006aex163	20190107
9225	jd	5	0	7000	2.1	2	dmhfh14707zcy174	20190107
9226	baojie	5	0	6500	1.1	1	mzema15766yxy165	20190107
9227	pinduoduo	15	6	4200	2.2	1	mmzmg14890zcy164	20190107
9228	huawei	15	6	1000	1.2	1	xgzae14792fmd169	20190107
9229	apple	15	6	0000	2.1	2	fyegg14296mgc117	20190107
9230	chanel	15	5	5500	1.1	1	gcfyc15014aym142	20190107
9231	microsoft	15	6	9200	1.2	1	zggdf15167egx117	20190107
9232	jd	15	4	9000	2.2	1	wffye14422fzf124	20190107
9233	microsoft	5	0	1600	2.1	1	hyadz15432amw125	20190107
9234	baojie	5	0	9000	2.2	1	hexdh14720xyx179	20190107
9235	huawei	15	5	9200	1.2	1	gxdmh13932gww142	20190107
9236	baojie	15	1	4200	2.1	2	yachg15245cha172	20190107
9237	baojie	15	1	9200	2.2	1	xxege15218efw142	20190107
9238	pinduoduo	5	0	5200	2.1	1	zeaww14527wxm120	20190107
9239	jd	15	5	4500	2.2	1	wxefd13906yhc170	20190107
9240	jd	15	5	1900	2.2	1	xyhxe14310wxg122	20190107
9241	xiaomi	15	5	2200	2.1	2	hyhhd14534zde156	20190107
9242	huawei	15	1	1100	1.2	1	affha13838eha171	20190107
9243	lv	15	6	6400	1.2	1	cwhyy15110ehd152	20190107
9244	pinduoduo	5	0	9000	1.2	1	zmmwy14491ggg133	20190107
9245	xiaomi	5	0	3900	2.1	1	wxxdz14564hfm189	20190107
9246	maotai	5	0	6400	2.2	1	mzema15766yxy165	20190107
9247	xiaomi	5	0	7000	5.1	1	fcxhm14405xda192	20190107
9248	pinduoduo	15	2	2600	2.2	1	ywceg13978efd149	20190107
9249	xiaomi	15	1	9200	1.1	2	gcecz14704gef163	20190107
9250	pinduoduo	5	0	8500	2.2	2	zgmzf14063hgg124	20190107
9251	xiaomi	5	0	1000	6.1	2	hgawz15442ahx168	20190107
9252	lv	5	0	8800	2.2	1	wmdfe14457hme191	20190107
9253	pinduoduo	15	1	1000	1.1	2	dyamz15167exh173	20190107
9254	maotai	15	1	9100	1.2	1	xgdhe15238yhm136	20190107
9255	pinduoduo	5	0	4200	6.1	1	yfdmz15394dfg117	20190107
9256	lv	5	0	4500	4.1	1	gxemw14483wdg188	20190107
9257	xiaomi	15	6	1900	2.1	1	cfedh14885gya163	20190107
9258	apple	15	4	1100	1.2	1	ffzaa15344edm123	20190107
9259	maotai	5	0	8500	1.1	1	hzwzd15303aff142	20190107
9260	apple	15	1	4900	2.2	2	yfxam14517fmh133	20190107
9261	chanel	15	1	1600	1.1	1	zxwhf14823fch139	20190107
9262	maotai	15	6	7000	1.1	2	emzfw13981mya127	20190107
9263	microsoft	15	4	8800	2.2	1	mmeff14800zfx152	20190107
9264	lv	15	3	8200	2.1	1	gxezg14276yyc193	20190107
9265	huawei	15	3	7300	2.2	1	ffhye14979fgz187	20190107
9266	xiaomi	15	1	0000	1.2	1	mhzhc15432ewg153	20190107
9267	lv	5	0	7000	1.2	1	zhzee14251exx134	20190107
9268	jd	15	2	5200	1.2	2	hcxzc13885wdx148	20190107
9269	huawei	15	5	5800	2.1	1	ccfag15443ygd119	20190107
9270	pinduoduo	5	0	5800	1.2	2	xceym14143chz155	20190107
9271	jd	5	0	2600	2.2	1	fdced14670ymz119	20190107
9272	chanel	15	3	4900	1.2	1	zfahd14499hcd178	20190107
9273	huawei	15	6	2600	2.2	2	daaxf14562dca140	20190107
9274	jd	5	0	7000	2.1	2	mghza15188wcz118	20190107
9275	huawei	15	5	2600	2.2	1	dxwme15180ehc149	20190107
9276	baojie	5	0	9200	2.2	2	dyzhm13905fgm172	20190107
9277	chanel	15	5	8500	1.2	2	dwmhe14078ccx125	20190107
9278	huawei	5	0	9100	2.1	1	ahcyx14457wha126	20190107
9279	apple	15	6	7900	2.2	1	awdaf15741afz150	20190107
9280	lv	15	4	6500	1.2	2	gczmc14381aff176	20190107
9281	xiaomi	5	0	2600	2.1	1	hgawz15442ahx168	20190107
9282	maotai	15	3	0000	2.1	1	xcxac15401zmh185	20190107
9283	lv	5	0	7300	6.1	2	hwfdc15530zdx151	20190107
9284	pinduoduo	15	5	1200	1.2	2	cfgha15315zhd184	20190107
9285	microsoft	5	0	2900	5.1	2	xyehw14120fxf135	20190107
9286	lv	5	0	8200	2.1	1	zfhxh15489wxx141	20190107
9287	jd	15	1	4900	2.2	2	acgeg15422hfd174	20190107
9288	baojie	15	6	2900	2.2	1	ecmxh15539mxy137	20190107
9289	microsoft	5	0	8800	6.1	2	dxyxw14583zcw159	20190107
9290	maotai	15	1	1000	2.1	1	wmdfe14457hme191	20190107
9291	jd	5	0	5500	4.1	1	dwmhe14078ccx125	20190107
9292	maotai	5	0	4500	4.1	1	ffcay14973awm132	20190107
9293	chanel	15	5	8800	1.2	1	defcx14728xzx180	20190107
9294	baojie	15	1	2900	2.1	2	wmdfe14457hme191	20190107
9295	chanel	5	0	4500	2.1	2	cyzmx13883zgh124	20190107
9296	baojie	5	0	1600	1.2	1	yecca14290eec141	20190107
9297	apple	5	0	3900	2.1	2	wexdc15575yhd152	20190107
9298	baojie	5	0	9100	1.1	1	fcyza15586mde177	20190107
9299	maotai	5	0	5500	2.2	2	fxyhw15696zyz186	20190107
9300	huawei	5	0	2600	1.2	1	fwyhz15006aex163	20190107
9301	apple	5	0	3900	1.1	1	fymzh14739max189	20190107
9302	baojie	15	6	2200	2.1	2	czafa15089zfg195	20190107
9303	chanel	5	0	2600	6.1	1	ggwcz14773geg119	20190107
9304	xiaomi	15	5	5200	2.1	1	fhmfy15117dzg176	20190107
9305	jd	5	0	6500	5.1	1	fddza13870gyd188	20190107
9306	maotai	15	5	5800	2.1	2	ecyya13985wcm173	20190107
9307	apple	5	0	9000	5.1	2	fzahh15182zec143	20190107
9308	huawei	15	6	4900	1.2	2	fmwgw13905zdf147	20190107
9309	lv	15	4	7000	2.1	1	xmgfy15064cgd122	20190107
9310	lv	5	0	3900	2.1	2	cmzmd13941dyy143	20190107
9311	maotai	5	0	4200	2.2	1	ehafd14854yya151	20190107
9312	jd	5	0	7700	3.1	1	cdmdw15434gae173	20190107
9313	maotai	5	0	4200	6.1	1	gmmfw15452gag125	20190107
9314	pinduoduo	5	0	9100	2.2	2	hexdh14720xyx179	20190107
9315	microsoft	15	2	1000	2.2	2	hygyc15035cgf139	20190107
9316	huawei	15	1	6500	2.1	1	hyegx14807chw159	20190107
9317	chanel	15	6	9000	2.1	2	awexm14248ddx193	20190107
9318	microsoft	15	2	5200	2.1	2	ccaza15343fdz179	20190107
9319	lv	5	0	6500	3.1	2	wdwza14787zfm153	20190107
9320	lv	5	0	3900	3.1	2	wmdfe14457hme191	20190107
9321	huawei	5	0	2400	4.1	1	hhggx15034ahy145	20190107
9322	microsoft	5	0	5500	3.1	1	xfxyz14837ezx155	20190107
9323	xiaomi	5	0	2900	4.1	1	cxwxy15067fad157	20190107
9324	maotai	5	0	9100	4.1	1	fgzxc15076fmh175	20190107
9325	apple	5	0	7300	4.1	1	yzwxa15209cdw147	20190107
9326	maotai	5	0	5800	5.1	1	gadwe13988zmd124	20190107
9327	maotai	15	6	8800	2.1	1	xxdgc15464mge170	20190107
9328	huawei	5	0	1200	4.1	1	hafee14828wgy175	20190107
9329	pinduoduo	15	2	6500	1.1	1	waggw14366wcw162	20190107
9330	baojie	15	5	9100	2.1	1	eeccd14030zfa184	20190107
9331	apple	15	4	5800	1.2	1	acwec15256dxe159	20190107
9332	apple	5	0	2200	3.1	1	fehcx14475awz168	20190107
9333	maotai	5	0	3000	3.1	1	dwxmy14378hdx118	20190107
9334	microsoft	15	1	6500	1.1	2	hyegx14807chw159	20190107
9335	apple	15	6	5500	1.1	1	ymdfy15093hzh137	20190107
9336	apple	5	0	1600	6.1	1	fgcwe14503gee117	20190107
9337	huawei	5	0	1000	3.1	1	gdyem15786exx129	20190107
9338	pinduoduo	5	0	8200	5.1	2	dxccy15046xae142	20190107
9339	huawei	5	0	1200	1.1	2	acwec15256dxe159	20190107
9340	baojie	15	6	5500	2.2	1	caddx15709agx159	20190107
9341	chanel	5	0	9100	2.1	2	yczye14344gwa168	20190107
9342	xiaomi	5	0	1200	2.2	2	fddxm15590cmy132	20190107
9343	chanel	15	4	1900	1.2	1	hfagy15663gme166	20190107
9344	microsoft	15	5	6100	2.2	1	xhygm14820dde138	20190107
9345	xiaomi	5	0	9200	2.2	2	dmhfh14707zcy174	20190107
9346	xiaomi	5	0	4200	4.1	1	dzghz14469add127	20190107
9347	microsoft	5	0	6100	2.2	1	hmdca14744cda186	20190107
9348	maotai	5	0	9100	5.1	2	xceym14143chz155	20190107
9349	apple	15	1	4500	1.2	1	fzahh15182zec143	20190107
9350	apple	5	0	2200	1.1	1	yczwz14184max148	20190107
9351	pinduoduo	5	0	6400	5.1	1	cawzm15702gza160	20190107
9352	lv	5	0	1100	4.1	1	wegay14166faz154	20190107
9353	maotai	15	1	3900	1.1	2	hmdca14744cda186	20190107
9354	apple	15	1	4900	2.1	1	cfgha15315zhd184	20190107
9355	jd	15	2	7900	1.1	2	hdgax15302amx132	20190107
9356	pinduoduo	5	0	7000	1.2	2	cmzmd13941dyy143	20190107
9357	baojie	5	0	3600	3.1	1	whmhz15577mcf137	20190107
9358	xiaomi	5	0	7900	4.1	2	zfccx15516fee138	20190107
9359	maotai	15	3	8700	1.1	1	xhzym15422dxw130	20190107
9360	microsoft	15	2	8700	1.1	1	wzzgw14301azm122	20190107
9361	jd	15	2	7900	2.1	2	wmdca14146cde118	20190107
9362	xiaomi	5	0	7300	5.1	1	eddhx14180hfh119	20190107
9363	huawei	15	2	4900	1.1	1	hdfcd14885dhh150	20190107
9364	huawei	5	0	1100	6.1	2	cmzmd13941dyy143	20190107
9365	baojie	15	1	1100	1.2	2	axhdm15694eex187	20190107
9366	huawei	15	5	7300	1.2	1	xgdhe15238yhm136	20190107
9367	xiaomi	15	3	8500	1.2	1	ahfhg14028zhc180	20190107
9368	xiaomi	5	0	9000	2.2	1	fwyfh14458dwe178	20190107
9369	baojie	5	0	9200	2.1	2	eddfz15732aac185	20190107
9370	chanel	5	0	6500	6.1	2	gadyy14818dwm181	20190107
9371	chanel	5	0	8500	4.1	1	weexx15332ddf149	20190107
9372	apple	15	2	8700	2.1	1	zmmzf13851mzh158	20190107
9373	microsoft	5	0	6500	2.1	2	affae15501wym162	20190107
9374	apple	5	0	2600	4.1	1	gffmh14510dfd173	20190107
9375	lv	5	0	6500	1.1	1	mecaw15077dxe174	20190107
9376	jd	15	5	3900	1.1	1	cfadf14916ddd184	20190107
9377	apple	15	6	2400	2.2	2	hzgfz14796ema170	20190107
9378	jd	15	2	2400	2.2	1	afcmd14199dez150	20190107
9379	chanel	15	4	8200	1.2	1	yfdgd14902mwc184	20190107
9380	jd	5	0	3600	6.1	1	fymea13841caa131	20190107
9381	huawei	5	0	2400	6.1	2	eddfz15732aac185	20190107
9382	maotai	5	0	9200	3.1	1	gxezg14276yyc193	20190107
9383	baojie	15	3	7000	1.2	1	mcecf15782ewd148	20190107
9384	jd	15	3	8700	1.2	1	hafee14828wgy175	20190107
9385	microsoft	5	0	2400	1.2	1	emaex14825hym119	20190107
9386	lv	5	0	4200	4.1	1	wmdfe14457hme191	20190107
9387	baojie	5	0	7900	2.1	1	hacdz15564wgz146	20190107
9388	microsoft	15	3	6500	2.2	1	yczwz14184max148	20190107
9389	chanel	15	6	2200	1.1	1	zegxg15709gfz118	20190107
9390	xiaomi	5	0	5500	2.1	1	wzzgw14301azm122	20190107
9391	maotai	5	0	6100	3.1	2	hwfdc15530zdx151	20190107
9392	huawei	5	0	8700	6.1	1	yczwz14184max148	20190107
9393	maotai	15	5	6500	2.1	2	hzwyd13904aeh191	20190107
9394	lv	5	0	6400	2.1	2	xceym14143chz155	20190107
9395	maotai	5	0	6400	4.1	2	mmhzc15803eaz169	20190107
9396	xiaomi	15	1	6400	1.2	1	ddamz15405wxz181	20190107
9397	microsoft	15	1	0000	1.1	2	xwwxe14219wmw195	20190107
9398	microsoft	15	1	1600	1.1	1	mxzwg14107fmc168	20190107
9399	maotai	5	0	9000	2.2	1	gdxaf14958fcg174	20190107