7100	baojie	5	0	5800	3.1	1	zmmzf13851mzh158	20190106
7101	maotai	5	0	7700	5.1	1	fgcwe14503gee117	20190106
7102	maotai	5	0	6500	2.2	2	xadzg15758eha128	20190106
7103	apple	15	1	6500	1.2	1	zwxda14426xce185	20190106
7104	lv	15	6	4200	2.2	1	zafgd15051ezw189	20190106
7105	jd	15	2	8200	1.1	1	mhzhc15432ewg153	20190106
7106	baojie	5	0	5200	6.1	2	gmhzy14840xhy117	20190106
7107	lv	5	0	2600	4.1	2	yczwz14184max148	20190106
7108	lv	15	4	6100	1.1	2	ecmxh15539mxy137	20190106
7109	pinduoduo	15	6	4900	2.2	1	hdyza14350yga130	20190106
7110	huawei	5	0	8700	2.2	2	xceym14143chz155	20190106
7111	microsoft	5	0	5800	1.1	1	afcmd14199dez150	20190106
7112	lv	5	0	6100	2.1	2	wcccc15814zxf137	20190106
7113	baojie	5	0	1100	5.1	1	dfxhy14836daa146	20190106
7114	baojie	15	6	1100	1.2	1	hzwfa13841hfw167	20190106
7115	apple	5	0	6100	3.1	2	xzcxa15556aez146	20190106
7116	pinduoduo	5	0	5500	1.1	1	mgmdc15692dxw179	20190106
7117	microsoft	5	0	1900	2.1	2	dzghz14469add127	20190106
7118	pinduoduo	5	0	3300	1.1	1	dcefg14922zgw170	20190106
7119	huawei	5	0	4900	3.1	2	fymea13841caa131	20190106
7120	lv	15	5	9000	1.2	1	zfccx15516fee138	20190106
7121	baojie	15	1	2900	2.2	1	xcxac15401zmh185	20190106
7122	maotai	5	0	2600	2.2	1	dhyfa14071dmx133	20190106
7123	huawei	15	5	2400	2.2	1	ccaza15343fdz179	20190106
7124	microsoft	15	5	8500	1.2	2	cfadf14916ddd184	20190106
7125	lv	15	1	5200	1.1	1	hexdh14720xyx179	20190106
7126	apple	5	0	6400	1.1	1	zzadd15615mhc136	20190106
7127	microsoft	15	1	3000	1.1	1	fmwgw13905zdf147	20190106
7128	xiaomi	5	0	4900	1.2	2	afhef15037wmm156	20190106
7129	pinduoduo	15	4	4900	1.2	1	whwgc15284ham124	20190106
7130	xiaomi	5	0	9100	6.1	1	wfyca14777wym157	20190106
7131	xiaomi	15	2	1100	1.1	1	zzexm14693zed144	20190106
7132	maotai	5	0	9200	5.1	2	fgxeh14944ezw172	20190106
7133	chanel	5	0	2900	2.1	1	hecyc15140hmm169	20190106
7134	chanel	5	0	1000	3.1	1	gadwe13988zmd124	20190106
7135	microsoft	15	2	1000	2.2	1	fmdzm15504ema148	20190106
7136	xiaomi	15	1	2600	1.2	2	caddx15709agx159	20190106
7137	xiaomi	5	0	4500	1.2	1	zaddc15277hya184	20190106
7138	microsoft	15	4	9100	1.2	2	hyhzh15373cym172	20190106
7139	microsoft	15	4	6500	1.2	1	mgzhg15777mxm156	20190106
7140	maotai	15	1	7700	1.1	2	gczhf15093wyz145	20190106
7141	lv	5	0	8800	2.2	1	fwyfh14458dwe178	20190106
7142	pinduoduo	15	2	4500	1.1	1	efwmw15811axa138	20190106
7143	lv	15	6	4500	2.2	2	yehxd15404zgx137	20190106
7144	apple	15	4	5500	1.1	1	cwcgm15378gze177	20190106
7145	lv	15	2	1600	1.1	1	xcdhx14080zym154	20190106
7146	microsoft	15	4	7700	1.1	2	mxday15787dez148	20190106
7147	baojie	15	6	7300	1.1	2	ygezd15560whc194	20190106
7148	huawei	5	0	3000	5.1	1	hyegx14807chw159	20190106
7149	huawei	5	0	5800	2.1	2	ddamz15405wxz181	20190106
7150	apple	15	5	8200	2.2	1	fwyhz15006aex163	20190106
7151	xiaomi	5	0	5500	3.1	1	gzdex15832ych141	20190106
7152	jd	15	2	2900	2.1	1	ayxdw15074wwf159	20190106
7153	pinduoduo	5	0	8700	1.2	2	mxzwg14107fmc168	20190106
7154	chanel	15	2	3300	2.1	2	yfxam14517fmh133	20190106
7155	xiaomi	5	0	3900	2.2	1	hafee14828wgy175	20190106
7156	chanel	5	0	4900	6.1	1	gffmh14510dfd173	20190106
7157	microsoft	15	2	8800	1.1	2	fehcx14475awz168	20190106
7158	jd	5	0	7700	1.1	1	cfexy15690gxd126	20190106
7159	chanel	5	0	0000	1.1	2	echwg14702mez165	20190106
7160	xiaomi	15	2	1200	1.1	2	fhmfy15117dzg176	20190106
7161	baojie	15	3	3900	2.2	2	wffye14422fzf124	20190106
7162	huawei	5	0	8700	2.1	1	xzhax15461hcm186	20190106
7163	microsoft	15	6	9000	1.1	1	hyhwz15347ezh175	20190106
7164	xiaomi	5	0	4200	2.1	2	ffyzh14561ywa129	20190106
7165	baojie	5	0	2600	4.1	1	yfhzd13811aey182	20190106
7166	xiaomi	15	5	1600	2.1	1	affha13838eha171	20190106
7167	xiaomi	5	0	1900	3.1	2	eazha15368eyx119	20190106
7168	jd	5	0	8200	2.2	2	gxezg14276yyc193	20190106
7169	jd	5	0	4900	4.1	1	zfhxh15489wxx141	20190106
7170	baojie	5	0	3000	5.1	1	mddhz15583dzg122	20190106
7171	apple	5	0	9000	3.1	1	exhhd14477yyz146	20190106
7172	jd	15	5	6500	1.2	1	gczmc14381aff176	20190106
7173	chanel	5	0	7300	5.1	1	xzzxm15651zdd133	20190106
7174	maotai	5	0	2200	5.1	1	gxemw14483wdg188	20190106
7175	pinduoduo	5	0	9200	2.1	1	hmwzm15244dzf135	20190106
7176	xiaomi	5	0	4500	6.1	1	wceaa13952dzg146	20190106
7177	xiaomi	15	6	5800	1.2	1	xxcgz15108yzm139	20190106
7178	microsoft	5	0	4500	3.1	2	fddxm15590cmy132	20190106
7179	chanel	15	2	1000	2.1	2	mchmz15259dyw186	20190106
7180	huawei	5	0	4900	6.1	2	fmxgy14213gme184	20190106
7181	baojie	5	0	3000	2.1	1	zhfxc15392fad145	20190106
7182	huawei	5	0	6500	6.1	1	fawee14971eww176	20190106
7183	lv	5	0	2200	6.1	2	fzyyx14531wxa184	20190106
7184	apple	5	0	0000	1.1	1	wegay14166faz154	20190106
7185	pinduoduo	5	0	2400	1.2	1	xgdhe15238yhm136	20190106
7186	lv	15	6	2400	1.1	1	wzzgw14301azm122	20190106
7187	huawei	5	0	6100	3.1	1	zffhd14497dhz157	20190106
7188	xiaomi	5	0	1000	2.2	1	xwzeh14572wed165	20190106
7189	microsoft	15	5	4900	1.2	1	dzahx14971eae124	20190106
7190	microsoft	5	0	4900	3.1	1	xfagc14439axz171	20190106
7191	apple	15	5	8200	1.2	2	zgmzf14063hgg124	20190106
7192	maotai	15	5	4500	1.1	1	zhwcy15052xdc179	20190106
7193	huawei	15	6	2200	1.1	1	wmdfe14457hme191	20190106
7194	pinduoduo	15	2	2400	2.2	1	azdcy14006hxd175	20190106
7195	lv	15	6	7300	1.2	1	eyhma14054gxa157	20190106
7196	baojie	15	3	4200	1.1	1	zdhch15379cem145	20190106
7197	lv	15	5	9200	1.1	1	dzmzy15319zfh136	20190106
7198	microsoft	15	5	1000	2.1	2	zeaww14527wxm120	20190106
7199	huawei	5	0	6100	1.1	1	hyxyw14012emy189	20190106
7200	microsoft	5	0	2200	2.2	1	czafa15089zfg195	20190106
7201	apple	5	0	8500	6.1	1	emdcz14704hdz150	20190106
7202	microsoft	5	0	2900	6.1	1	ceczc14890zhy153	20190106
7203	xiaomi	15	6	8200	1.2	1	gazdy15634cgd137	20190106
7204	apple	15	4	3000	2.2	2	emzfw13981mya127	20190106
7205	xiaomi	5	0	6500	4.1	1	fzygd15744wmy155	20190106
7206	lv	15	6	0000	1.2	1	ghwea15500czw160	20190106
7207	pinduoduo	5	0	2200	2.1	1	ywceg13978efd149	20190106
7208	chanel	5	0	3900	6.1	2	czymg15163gfm155	20190106
7209	huawei	5	0	7300	2.2	2	cmgfz15638mxe122	20190106
7210	jd	15	3	5500	2.1	1	eeafg14500ggd133	20190106
7211	baojie	15	2	1200	2.1	2	hdmex14321hzm188	20190106
7212	pinduoduo	5	0	4500	3.1	1	cwcdc14908xfc191	20190106
7213	pinduoduo	15	1	9000	1.2	2	gfwzx15346mgf151	20190106
7214	jd	5	0	5500	3.1	1	ggghm13952fxe158	20190106
7215	jd	5	0	3300	4.1	2	gmyhm15279acg163	20190106
7216	jd	5	0	1000	6.1	1	edzec15091agc147	20190106
7217	pinduoduo	5	0	8200	1.2	1	cfgha15315zhd184	20190106
7218	maotai	5	0	5200	1.1	2	ghegh15593aew178	20190106
7219	xiaomi	15	1	6500	2.1	2	whdga14265ezf181	20190106
7220	jd	5	0	2900	1.1	1	cwcxd15497xme137	20190106
7221	lv	15	6	4500	2.1	2	ewmxy14507hdf168	20190106
7222	maotai	5	0	2400	5.1	1	dgcfh13852ddc173	20190106
7223	microsoft	5	0	8200	5.1	2	dxccy15046xae142	20190106
7224	apple	15	1	1000	1.2	1	hcxzc13885wdx148	20190106
7225	chanel	5	0	8200	2.2	1	adwzf14784xcy187	20190106
7226	lv	15	5	1000	1.1	1	mzema15766yxy165	20190106
7227	microsoft	15	1	6400	1.2	1	ahcyx14457wha126	20190106
7228	jd	5	0	4200	1.2	2	eeccd14030zfa184	20190106
7229	microsoft	15	2	3000	2.1	1	dxfzd13853awc164	20190106
7230	apple	5	0	9200	2.1	2	ahgmm15826eam166	20190106
7231	chanel	5	0	0000	6.1	1	acmha14912fdy192	20190106
7232	jd	5	0	7000	1.1	1	xhygm14820dde138	20190106
7233	xiaomi	5	0	6100	3.1	1	gccaf14350mxc143	20190106
7234	microsoft	15	4	5800	2.2	1	dxzye15788cwa138	20190106
7235	maotai	15	6	5200	1.2	1	ywdff15318mew144	20190106
7236	apple	5	0	7000	6.1	2	efyma15319dew159	20190106
7237	lv	15	1	5200	2.2	1	dyzhm13905fgm172	20190106
7238	jd	5	0	9200	3.1	1	ffcay14973awm132	20190106
7239	pinduoduo	5	0	6500	2.2	1	xfxyz14837ezx155	20190106
7240	baojie	15	3	3900	2.2	1	mwgaz14132mzx194	20190106
7241	microsoft	5	0	6500	2.2	1	femgy15104hcd177	20190106
7242	xiaomi	5	0	5800	5.1	2	amazw14775cfd152	20190106
7243	xiaomi	5	0	7900	3.1	1	xdafg14008gzm125	20190106
7244	pinduoduo	15	6	7700	1.2	1	ehahg14092wex193	20190106
7245	maotai	5	0	2200	5.1	2	fcyza15586mde177	20190106
7246	lv	5	0	2400	1.2	1	xyhxe14310wxg122	20190106
7247	pinduoduo	5	0	9000	2.2	1	ghgcm13824xfy189	20190106
7248	microsoft	15	4	4500	2.1	2	xgydx14751wza138	20190106
7249	apple	15	5	3000	1.1	1	gmhcd13911ymg125	20190106
7250	pinduoduo	5	0	7700	5.1	2	gadyy14818dwm181	20190106
7251	baojie	15	2	5500	1.2	2	hfahd14472hyf130	20190106
7252	microsoft	5	0	9200	2.1	2	dzzee15075afg117	20190106
7253	huawei	15	4	2600	1.1	1	zwzcg14982yge173	20190106
7254	apple	15	2	1000	1.2	1	cxwgg14995exf165	20190106
7255	chanel	5	0	4900	3.1	1	gcfyc15014aym142	20190106
7256	jd	15	5	8200	1.2	2	eddhx14180hfh119	20190106
7257	maotai	15	2	1900	2.2	1	ahhey14274zez153	20190106
7258	jd	15	6	9000	2.1	1	cdhme15762xfh130	20190106
7259	apple	15	4	6100	1.1	1	zmmwy14491ggg133	20190106
7260	xiaomi	15	1	7000	2.2	1	cdwzh15724gzc171	20190106
7261	chanel	5	0	7900	3.1	1	zhyaw15023eea134	20190106
7262	jd	5	0	1900	2.2	1	exchw15133gaa179	20190106
7263	xiaomi	5	0	4500	5.1	1	hfxmg14927exd194	20190106
7264	xiaomi	5	0	7700	1.1	1	yxmmy14678hhz184	20190106
7265	xiaomi	5	0	4200	5.1	2	yhmzh15533xex183	20190106
7266	lv	5	0	7900	5.1	1	hywaa15119gcd190	20190106
7267	chanel	5	0	3600	3.1	1	yachg15245cha172	20190106
7268	baojie	15	5	4200	2.1	2	ayyed15424chg122	20190106
7269	maotai	5	0	3600	3.1	1	yfxwx14522wmx122	20190106
7270	jd	5	0	7000	3.1	1	cchcg15581mxf163	20190106
7271	jd	15	4	2600	1.1	1	ffzaa15344edm123	20190106
7272	lv	15	2	9200	1.2	1	gdhzd15607gzg161	20190106
7273	baojie	15	2	1200	1.1	1	xmedf14877agd119	20190106
7274	jd	5	0	7000	3.1	2	zfahd14499hcd178	20190106
7275	jd	15	6	0000	1.2	1	eheme15574eef128	20190106
7276	jd	15	4	9000	2.2	2	agmwx15108gya143	20190106
7277	lv	15	1	1600	2.1	1	wxmgz14825gmh128	20190106
7278	lv	5	0	9100	2.1	2	hegec15527cde144	20190106
7279	maotai	5	0	9200	2.1	1	cdmdw15434gae173	20190106
7280	pinduoduo	15	6	8200	1.1	1	dcxzz15073xam187	20190106
7281	jd	5	0	1200	3.1	1	hfgex14452zfm158	20190106
7282	baojie	5	0	8200	6.1	2	yecca14290eec141	20190106
7283	xiaomi	5	0	7700	5.1	1	xcycx14882mxh119	20190106
7284	maotai	15	6	5200	2.1	1	zwedz15446wfd157	20190106
7285	chanel	5	0	1000	6.1	2	mghza15188wcz118	20190106
7286	maotai	15	1	4900	1.1	2	fhgex15661mhd183	20190106
7287	xiaomi	15	4	6500	1.2	2	dcefw14760xyf165	20190106
7288	baojie	5	0	8500	6.1	2	xgzae14792fmd169	20190106
7289	lv	15	3	6100	2.2	2	acmef14179dyw190	20190106
7290	xiaomi	15	5	7000	1.2	1	ecyya13985wcm173	20190106
7291	pinduoduo	5	0	7700	4.1	2	xmedf14398hzd185	20190106
7292	chanel	5	0	1200	4.1	1	cmzmd13941dyy143	20190106
7293	microsoft	5	0	3900	3.1	2	ygmch13898edd185	20190106
7294	lv	15	2	5500	2.2	1	aaxxy14111dxh189	20190106
7295	microsoft	15	2	5200	2.1	1	fdmme13908wmw121	20190106
7296	jd	5	0	6500	5.1	1	aywew14424azf154	20190106
7297	apple	5	0	0000	6.1	1	fgzxc15076fmh175	20190106
7298	chanel	5	0	0000	5.1	2	gafxc14977wfx191	20190106
7299	huawei	15	6	4500	2.1	2	zxmwx15267xdx180	20190106
7300	huawei	5	0	3300	1.2	2	xgeyw15232myd193	20190106
7301	maotai	15	4	1200	2.2	2	cgwah15174yzy128	20190106
7302	xiaomi	5	0	4500	4.1	1	yzeyz14338emw138	20190106
7303	xiaomi	5	0	6500	3.1	2	ahgmm15826eam166	20190106
7304	apple	5	0	7300	6.1	1	cweyf14561gya173	20190106
7305	lv	15	4	7000	1.1	2	dmcfg15333hzw150	20190106
7306	microsoft	5	0	9200	1.1	2	dxwme15180ehc149	20190106
7307	chanel	5	0	1200	1.1	1	addcg15782yma145	20190106
7308	pinduoduo	15	4	7900	2.1	1	acdcc15112gec151	20190106
7309	huawei	5	0	2900	5.1	1	aaxxy14111dxh189	20190106
7310	lv	5	0	2900	2.2	1	ehwgy15803dyx143	20190106
7311	xiaomi	5	0	6100	4.1	2	fmwgw13905zdf147	20190106
7312	lv	5	0	9000	5.1	2	gefxf14608zew166	20190106
7313	apple	15	2	2200	2.1	2	axxyh14236wmm194	20190106
7314	lv	15	4	9100	1.1	1	zezcy15084ffg143	20190106
7315	pinduoduo	15	5	6500	1.2	1	czgwz15052zfw174	20190106
7316	baojie	15	6	4500	2.1	1	ghxah14173whz155	20190106
7317	huawei	15	5	0000	1.2	2	zzadd15615mhc136	20190106
7318	microsoft	15	1	6400	1.2	1	wedcf15267agy174	20190106
7319	jd	15	6	0000	1.1	1	xxgwy13794hww169	20190106
7320	baojie	15	2	7000	2.1	1	ddehm14075zwh125	20190106
7321	huawei	5	0	4500	2.2	1	hdmex14321hzm188	20190106
7322	huawei	15	6	9100	1.2	1	hyadz15432amw125	20190106
7323	maotai	5	0	8200	2.1	2	ehahg14092wex193	20190106
7324	apple	15	6	1200	1.1	1	whghw14831gad150	20190106
7325	xiaomi	5	0	7700	3.1	1	aaxdm14648xzd181	20190106
7326	xiaomi	5	0	8200	2.2	1	yzeyz14338emw138	20190106
7327	apple	15	5	6100	2.2	1	ecmxh15539mxy137	20190106
7328	baojie	5	0	3900	4.1	1	ywmaw14893dgg171	20190106
7329	lv	5	0	8700	4.1	1	mgmdc15692dxw179	20190106
7330	lv	15	6	1100	2.2	1	hhhha14111hxx163	20190106
7331	lv	15	5	5200	2.1	1	xdhwy13979hwd127	20190106
7332	baojie	5	0	5500	2.1	1	exhgd14888fwf183	20190106
7333	jd	15	2	3600	2.2	1	yfxam14517fmh133	20190106
7334	xiaomi	15	5	6400	1.2	2	hedzc14648mez181	20190106
7335	apple	15	1	7700	1.2	1	fychw14430zhg174	20190106
7336	jd	15	4	5800	1.2	2	xhzym15422dxw130	20190106
7337	xiaomi	15	3	9100	1.1	2	xgmeh14807fyf158	20190106
7338	jd	15	4	7000	1.1	2	awexm14248ddx193	20190106
7339	baojie	5	0	8700	6.1	1	cmzmd13941dyy143	20190106
7340	microsoft	15	4	5500	1.1	1	weexx15332ddf149	20190106
7341	pinduoduo	15	4	9200	1.1	1	aywew14424azf154	20190106
7342	lv	15	5	2900	2.2	2	ywmaw14893dgg171	20190106
7343	apple	15	4	8800	1.2	2	mczfe15043ece173	20190106
7344	chanel	15	1	0000	1.1	1	zxcfw14843zce178	20190106
7345	lv	15	6	6500	2.1	2	gfawz14258fhe158	20190106
7346	apple	5	0	9200	5.1	1	fxdag15557xzf141	20190106
7347	apple	15	5	7300	2.1	2	xcdhx14080zym154	20190106
7348	pinduoduo	15	3	8700	1.1	1	wxefd13906yhc170	20190106
7349	apple	15	4	1600	2.1	1	whccx15249hax118	20190106
7350	jd	15	1	3600	1.1	2	mdzmf14132gha186	20190106
7351	jd	15	1	2200	2.1	1	ecyya13985wcm173	20190106
7352	microsoft	5	0	8700	2.2	2	afexg14213wwz172	20190106
7353	lv	5	0	6400	5.1	1	zafgd15051ezw189	20190106
7354	xiaomi	15	5	9100	2.2	1	adday14155yhg133	20190106
7355	chanel	15	5	5500	1.2	2	fgyaz14143hdy186	20190106
7356	lv	5	0	4900	6.1	1	mmeff14800zfx152	20190106
7357	microsoft	5	0	2900	3.1	1	zfhxh15489wxx141	20190106
7358	xiaomi	15	4	9000	2.1	1	fxdaf15157ydf132	20190106
7359	apple	15	4	2900	1.2	1	eeccd14030zfa184	20190106
7360	pinduoduo	15	3	2400	1.2	1	yffzm15394dfg163	20190106
7361	baojie	5	0	3300	1.1	2	gazgf14372wae138	20190106
7362	baojie	15	3	2200	1.2	1	ehafd14854yya151	20190106
7363	lv	15	3	7300	2.2	2	fehcx14475awz168	20190106
7364	microsoft	15	3	0000	2.2	2	gmedc14076dgw118	20190106
7365	lv	5	0	5200	2.1	2	zmmxe14195yaa139	20190106
7366	baojie	5	0	1600	1.1	1	axhdm15694eex187	20190106
7367	pinduoduo	5	0	9200	4.1	2	cgwah15174yzy128	20190106
7368	microsoft	5	0	7900	3.1	2	cxwxy15067fad157	20190106
7369	chanel	5	0	4200	1.2	1	mzema15766yxy165	20190106
7370	baojie	5	0	9000	4.1	1	fzycf15121xyz132	20190106
7371	pinduoduo	15	2	5800	1.1	1	gazdy15634cgd137	20190106
7372	chanel	5	0	3000	6.1	1	xwdzd14078dcy149	20190106
7373	baojie	5	0	9100	6.1	1	ewgfx14853xyh149	20190106
7374	chanel	5	0	3000	2.2	2	awewm15281eyz193	20190106
7375	jd	15	4	5500	1.1	1	dcfhy15484mec158	20190106
7376	lv	5	0	4200	1.1	1	wedcf15267agy174	20190106
7377	xiaomi	15	4	2900	2.1	2	eddhx14180hfh119	20190106
7378	microsoft	15	1	8200	2.1	1	xwmyy14887zcd192	20190106
7379	baojie	5	0	2400	2.2	1	zadwf15004wzw186	20190106
7380	lv	15	3	7700	2.1	2	fxzea14913fwz117	20190106
7381	xiaomi	15	2	1600	1.1	2	dzahx14971eae124	20190106
7382	microsoft	15	1	1100	1.2	2	czczm14741ggf189	20190106
7383	baojie	5	0	1900	1.1	1	dxzye15788cwa138	20190106
7384	lv	5	0	5200	3.1	2	xhygh14540fxd148	20190106
7385	chanel	15	6	9000	1.1	1	eayaa15478gdg130	20190106
7386	xiaomi	15	2	8500	1.1	1	cchdf13859dzd175	20190106
7387	xiaomi	15	2	7700	1.2	1	fehcx14475awz168	20190106
7388	apple	15	3	3300	2.1	1	afwcg15246dfy125	20190106
7389	lv	15	2	3600	2.2	1	fddxm15590cmy132	20190106
7390	huawei	5	0	4900	1.2	1	mmeme15249cga130	20190106
7391	pinduoduo	5	0	0000	3.1	1	acyzc14708dad193	20190106
7392	microsoft	5	0	3000	1.2	1	whhed14762gmf172	20190106
7393	jd	15	6	1200	1.2	1	amazw14775cfd152	20190106
7394	baojie	15	3	8800	1.1	1	fxzea14913fwz117	20190106
7395	apple	15	2	6400	2.1	2	gazwc15044gmx178	20190106
7396	jd	15	5	6500	1.1	1	ddgyy15815gxe169	20190106
7397	huawei	15	5	8700	2.1	1	exdfe15552amy119	20190106
7398	lv	15	4	3900	2.2	1	afexg14213wwz172	20190106
7399	maotai	15	4	7300	1.1	1	aywew14424azf154	20190106
7400	maotai	15	6	5200	1.1	1	hedzc14648mez181	20190106
7401	chanel	15	3	6100	2.1	2	gxemw14483wdg188	20190106
7402	apple	5	0	1000	2.2	1	dmxac14023hyx194	20190106
7403	baojie	5	0	8800	4.1	2	fwewz15387gce177	20190106
7404	pinduoduo	5	0	3900	2.2	2	gwxma15334yfy154	20190106
7405	maotai	15	2	2200	1.1	1	ygxgx14727hgg180	20190106
7406	apple	5	0	2200	5.1	1	acdcc15112gec151	20190106
7407	xiaomi	5	0	1900	5.1	2	zhwcy15052xdc179	20190106
7408	lv	5	0	6100	2.2	1	gefxf14608zew166	20190106
7409	maotai	15	3	7000	1.2	1	wfxww15642eym129	20190106
7410	apple	15	5	3900	2.2	1	gmedc14076dgw118	20190106
7411	jd	5	0	2600	2.1	2	xmedf14877agd119	20190106
7412	microsoft	15	5	9100	2.2	1	hgzzy14625ayy181	20190106
7413	maotai	15	1	9000	2.1	1	ayyed15424chg122	20190106
7414	chanel	5	0	3000	2.2	2	mzcgg14702ggz148	20190106
7415	jd	5	0	1600	2.1	1	gzmgg14689fxx164	20190106
7416	baojie	5	0	5200	1.1	1	xxwwe15523exf153	20190106
7417	lv	5	0	6400	2.1	1	wmdfe14457hme191	20190106
7418	microsoft	5	0	1600	2.2	2	gdydy14058zwz125	20190106
7419	pinduoduo	15	5	1200	1.2	2	zdhch15379cem145	20190106
7420	huawei	15	5	3300	1.1	1	xwmyy14887zcd192	20190106
7421	lv	5	0	1000	5.1	1	xxaeh14122cgg175	20190106
7422	pinduoduo	5	0	8700	2.1	2	ywmaw14893dgg171	20190106
7423	microsoft	15	2	4500	1.2	1	xcdhx14080zym154	20190106
7424	microsoft	15	1	3000	2.2	1	ddgyy15815gxe169	20190106
7425	pinduoduo	5	0	5200	2.1	2	zgehd14165xmm126	20190106
7426	huawei	15	1	5200	1.2	2	ecxcy15536fgx138	20190106
7427	maotai	5	0	8500	4.1	1	gydze13785wfz161	20190106
7428	microsoft	15	2	5800	2.1	2	ghxah14173whz155	20190106
7429	lv	15	4	3300	1.2	2	ygmch13898edd185	20190106
7430	lv	5	0	0000	6.1	1	ewhxe15389yeh161	20190106
7431	chanel	5	0	0000	6.1	1	fehcx14475awz168	20190106
7432	microsoft	15	3	9200	1.1	1	hgzzy14625ayy181	20190106
7433	apple	5	0	6400	3.1	1	zzcgg13934hme175	20190106
7434	baojie	15	2	4900	1.1	1	ccezz15686dad127	20190106
7435	xiaomi	5	0	2400	2.1	2	aaade15247hfd145	20190106
7436	jd	5	0	1100	2.1	2	hmdca14744cda186	20190106
7437	chanel	15	2	9200	1.2	1	ffzaa15344edm123	20190106
7438	chanel	5	0	7900	5.1	2	mdzmf14132gha186	20190106
7439	xiaomi	15	3	2600	1.1	1	cdgze14332awy173	20190106
7440	lv	15	3	5500	2.2	2	afexg14213wwz172	20190106
7441	chanel	15	2	7000	1.1	2	yecca14290eec141	20190106
7442	baojie	15	6	3900	2.2	1	dcacc15768fyh173	20190106
7443	jd	5	0	6100	1.1	2	fgzxc15076fmh175	20190106
7444	pinduoduo	15	3	7300	1.2	1	yyxme14892zxh158	20190106
7445	maotai	5	0	6100	3.1	1	gmmgf14878adc152	20190106
7446	microsoft	15	1	5200	1.1	1	mmeme15249cga130	20190106
7447	microsoft	5	0	9100	4.1	1	ffyzh14561ywa129	20190106
7448	baojie	5	0	1000	4.1	2	gcmwh14499zaw159	20190106
7449	maotai	5	0	6500	1.2	1	cfexy15690gxd126	20190106
7450	baojie	15	5	9200	1.1	1	wdemx15777zmh192	20190106
7451	baojie	15	2	6500	1.1	1	yyycy14933afz143	20190106
7452	apple	15	2	2900	2.2	2	xwdzd14078dcy149	20190106
7453	lv	15	3	2900	2.2	1	echwg14702mez165	20190106
7454	chanel	15	5	0000	1.1	1	egfyh14945yhe150	20190106
7455	jd	5	0	7000	2.2	1	dmcfg15333hzw150	20190106
7456	maotai	5	0	6500	4.1	1	xhygh14540fxd148	20190106
7457	apple	5	0	2900	2.1	1	ewgfx14853xyh149	20190106
7458	microsoft	5	0	3900	3.1	2	whghw14831gad150	20190106
7459	xiaomi	15	1	9200	2.1	2	dzzee15075afg117	20190106
7460	huawei	5	0	0000	2.1	1	fxdaf15157ydf132	20190106
7461	maotai	15	3	7700	1.2	2	zdhch15379cem145	20190106
7462	huawei	5	0	8700	4.1	2	wxefd13906yhc170	20190106
7463	xiaomi	15	3	8500	1.1	2	gwzwh15511dem192	20190106
7464	apple	15	5	3300	1.1	1	cweyf14561gya173	20190106
7465	maotai	15	4	4500	1.2	1	cdcyy15516ecx165	20190106
7466	baojie	5	0	1000	1.2	1	cchdf13859dzd175	20190106
7467	jd	5	0	7000	5.1	2	afhef15037wmm156	20190106
7468	pinduoduo	5	0	8700	2.2	1	emfdx15218yeh192	20190106
7469	maotai	5	0	5500	4.1	2	fzeac15425efd123	20190106
7470	lv	15	6	7000	1.2	1	czczm14741ggf189	20190106
7471	maotai	5	0	1600	1.1	1	fwyfh14458dwe178	20190106
7472	apple	15	5	0000	1.2	1	ddehm14075zwh125	20190106
7473	apple	15	5	7000	1.2	1	aywew14424azf154	20190106
7474	lv	5	0	6500	5.1	1	xhwzc14512acd124	20190106
7475	xiaomi	5	0	4900	6.1	1	dcfyy13980ccd132	20190106
7476	jd	15	5	8200	1.1	1	hfzhy15824yag136	20190106
7477	pinduoduo	5	0	3000	1.1	1	ffzaa15344edm123	20190106
7478	huawei	15	4	3600	2.1	2	gmwxa14476ehz154	20190106
7479	microsoft	5	0	1000	6.1	1	xxcgz15108yzm139	20190106
7480	jd	5	0	1100	1.2	1	eemdw14972aed194	20190106
7481	huawei	5	0	3600	1.2	1	zyaze15745wyx132	20190106
7482	baojie	5	0	7300	6.1	2	gdydy14058zwz125	20190106
7483	jd	15	2	7000	2.2	1	zhfxc15392fad145	20190106
7484	apple	15	4	1100	2.1	1	cxehm14865hdx188	20190106
7485	lv	5	0	3900	1.2	1	waefm13951haz128	20190106
7486	maotai	15	2	4500	1.1	1	ezafg15489ezz153	20190106
7487	pinduoduo	15	6	1000	1.1	2	gdmgx14403fmh171	20190106
7488	jd	5	0	9100	5.1	2	gcmwh14499zaw159	20190106
7489	jd	15	2	6100	1.1	1	mddhz15583dzg122	20190106
7490	xiaomi	5	0	8700	6.1	1	deehg13891xxe153	20190106
7491	baojie	5	0	2200	2.2	1	cdmdw15434gae173	20190106
7492	xiaomi	5	0	8500	4.1	1	ehafd14854yya151	20190106
7493	lv	15	4	5200	1.2	2	wzwzc14957dyf126	20190106
7494	xiaomi	15	6	3000	1.1	1	cxehm14865hdx188	20190106
7495	baojie	15	6	1200	1.2	1	waayh15460dxz126	20190106
7496	microsoft	15	2	3000	1.2	1	ehafd14854yya151	20190106
7497	pinduoduo	15	3	6500	1.1	1	hecyc15140hmm169	20190106
7498	maotai	5	0	7300	2.1	2	dcacc15768fyh173	20190106
7499	maotai	15	1	8200	1.1	2	gdxmg15093zzx187	20190106
7500	baojie	5	0	1100	6.1	2	gwxma15334yfy154	20190106
7501	pinduoduo	5	0	8500	3.1	1	fgxeh14944ezw172	20190106
7502	pinduoduo	5	0	2200	3.1	2	zxcfw14843zce178	20190106
7503	microsoft	15	6	9000	2.1	1	wcccc15814zxf137	20190106
7504	pinduoduo	5	0	1200	5.1	1	xxwwe15523exf153	20190106
7505	baojie	15	5	5500	1.2	1	chfaw14138zwd158	20190106
7506	maotai	15	1	7900	2.2	1	cmdgw15568fzg175	20190106
7507	jd	5	0	1600	1.1	1	cwcgm15378gze177	20190106
7508	pinduoduo	15	4	5200	1.2	2	ehafd14854yya151	20190106
7509	jd	5	0	5800	4.1	1	dcefw14760xyf165	20190106
7510	microsoft	5	0	7700	6.1	2	yweda14363ycw192	20190106
7511	maotai	5	0	8700	1.2	1	ccyed15784dhw194	20190106
7512	apple	15	3	1600	1.2	1	aeggd15164maa163	20190106
7513	microsoft	15	2	2400	2.2	2	adwzf14784xcy187	20190106
7514	baojie	15	5	2900	1.1	1	zhmgg15249dxe190	20190106
7515	lv	15	4	7000	2.1	1	fmcyc15279gde178	20190106
7516	apple	15	6	9200	2.2	1	hedzc14648mez181	20190106
7517	jd	15	2	3000	1.2	1	zefmx14855fef138	20190106
7518	baojie	15	3	5800	2.1	1	yczye14344gwa168	20190106
7519	lv	15	1	8500	1.2	2	xgydx14751wza138	20190106
7520	chanel	15	6	1100	2.1	2	hgawz15442ahx168	20190106
7521	chanel	5	0	7900	4.1	1	xfxyz14837ezx155	20190106
7522	chanel	5	0	9100	5.1	1	wdemx15777zmh192	20190106
7523	huawei	5	0	4900	3.1	2	ggcey14971xhm186	20190106
7524	maotai	15	2	1900	2.2	1	gcazx15695dze136	20190106
7525	jd	5	0	6400	3.1	1	zgwem14174mfw122	20190106
7526	microsoft	15	4	3900	1.2	1	dzxmc15358gza133	20190106
7527	jd	5	0	4500	3.1	1	amazw14775cfd152	20190106
7528	chanel	15	5	2900	2.1	1	yzdwa14113hax147	20190106
7529	microsoft	15	2	9000	2.1	1	xxaeg15694dhg134	20190106
7530	jd	15	2	9100	1.2	2	mxzgm14841ahc147	20190106
7531	pinduoduo	5	0	1100	6.1	1	mxday15787dez148	20190106
7532	lv	15	1	7900	1.1	1	zcccc14603fzx129	20190106
7533	huawei	15	4	5500	2.2	1	cdmdw15434gae173	20190106
7534	apple	15	3	4200	1.1	1	aexxe14418czh129	20190106
7535	huawei	5	0	6500	1.1	1	aaxdm14648xzd181	20190106
7536	xiaomi	15	4	9200	1.2	1	axhdm15694eex187	20190106
7537	apple	15	6	2600	1.2	2	yfxam14517fmh133	20190106
7538	pinduoduo	5	0	5200	2.2	2	zehzy14362zmm186	20190106
7539	apple	5	0	5800	5.1	2	cmzmd13941dyy143	20190106
7540	baojie	15	3	8800	2.2	1	awexm14248ddx193	20190106
7541	microsoft	5	0	1200	1.1	1	emcee14346wmz188	20190106
7542	xiaomi	5	0	2900	2.1	1	ewmcf15086fhz141	20190106
7543	huawei	5	0	5800	5.1	1	hcxzc13885wdx148	20190106
7544	pinduoduo	5	0	7700	3.1	2	dwfww13833zwa150	20190106
7545	xiaomi	15	3	1200	1.2	1	aefcd14877hfy173	20190106
7546	xiaomi	5	0	0000	2.2	2	weexx15332ddf149	20190106
7547	lv	5	0	7000	2.1	1	egfca13875ycg186	20190106
7548	pinduoduo	15	4	8200	2.1	1	wxxdz14564hfm189	20190106
7549	huawei	5	0	3300	2.2	1	xyhxe14310wxg122	20190106
7550	baojie	15	2	1600	2.1	1	cmagh14567gzd139	20190106
7551	baojie	15	2	8200	1.2	1	fmxgy14213gme184	20190106
7552	pinduoduo	5	0	2600	6.1	1	fxdaf15157ydf132	20190106
7553	lv	15	6	5200	1.1	2	hhgam15069gxz149	20190106
7554	maotai	15	2	6400	1.2	1	yewhw15801wfm141	20190106
7555	xiaomi	5	0	5200	5.1	1	cexcf15521mgx171	20190106
7556	jd	5	0	5200	1.1	1	xxwwe15523exf153	20190106
7557	microsoft	5	0	9100	6.1	1	zzadd15615mhc136	20190106
7558	apple	15	1	5200	1.2	1	cmdgw15568fzg175	20190106
7559	baojie	5	0	5800	2.2	1	ddxez15174ehw173	20190106
7560	lv	5	0	7300	6.1	2	xwdzd14078dcy149	20190106
7561	maotai	5	0	7900	1.2	2	ghgcm13824xfy189	20190106
7562	chanel	5	0	3600	1.1	1	mdzmf14132gha186	20190106
7563	chanel	5	0	6500	2.1	1	fawee14971eww176	20190106
7564	baojie	15	3	5200	1.2	1	zcccc14603fzx129	20190106
7565	chanel	5	0	5800	1.1	1	egfzd14259fhm188	20190106
7566	maotai	5	0	4900	4.1	1	whfzz15428azx169	20190106
7567	baojie	15	6	2900	2.2	1	zgmzf14063hgg124	20190106
7568	microsoft	5	0	4200	2.2	1	ewmcf15086fhz141	20190106
7569	chanel	15	3	8500	2.2	2	mgmdc15692dxw179	20190106
7570	jd	5	0	8500	6.1	2	yxcge13977cmc180	20190106
7571	lv	15	6	3600	2.2	2	ggdma14413dhw119	20190106
7572	baojie	15	4	2400	1.2	1	ymdfy15093hzh137	20190106
7573	baojie	5	0	6500	2.1	1	yhmzh15533xex183	20190106
7574	chanel	15	2	8200	1.2	1	hdxdg14419fee137	20190106
7575	jd	15	4	3000	1.2	1	wwzdm14028eem126	20190106
7576	chanel	5	0	6500	4.1	1	ccezz15686dad127	20190106
7577	maotai	15	4	1200	2.2	2	hzgmx14783gee148	20190106
7578	jd	5	0	3900	2.2	2	zdwec15499zcc138	20190106
7579	maotai	5	0	5200	2.1	1	xgeyw15232myd193	20190106
7580	xiaomi	15	1	3600	1.1	2	gyzmy15758wya186	20190106
7581	pinduoduo	5	0	2400	2.1	1	gcfyc15014aym142	20190106
7582	microsoft	5	0	1000	4.1	2	zezcy15084ffg143	20190106
7583	pinduoduo	15	3	2600	2.1	2	gazgf14372wae138	20190106
7584	pinduoduo	15	2	5500	1.2	2	wzwec13965zwg177	20190106
7585	microsoft	15	6	8700	1.2	1	waefm13951haz128	20190106
7586	xiaomi	15	6	5800	2.1	2	cxehm14865hdx188	20190106
7587	chanel	5	0	6400	2.2	1	hyegx14807chw159	20190106
7588	huawei	5	0	2200	1.2	1	ccezz15686dad127	20190106
7589	apple	15	3	6100	2.2	2	afhzx14978dgm158	20190106
7590	chanel	5	0	9000	1.2	1	wwwam15654gxc178	20190106
7591	chanel	15	3	8700	1.2	1	acmha14912fdy192	20190106
7592	microsoft	5	0	7000	5.1	2	zdyew15025agd154	20190106
7593	chanel	5	0	1000	3.1	1	mghza15188wcz118	20190106
7594	baojie	15	3	4200	1.2	2	ehafd14854yya151	20190106
7595	microsoft	5	0	3000	2.2	1	wgmaf15651hxz194	20190106
7596	lv	15	1	6100	1.1	1	wgefd14159acg178	20190106
7597	microsoft	15	4	6500	2.1	1	eyhma14054gxa157	20190106
7598	microsoft	15	2	4500	2.1	2	wxzdf14024gdy119	20190106
7599	maotai	5	0	8200	5.1	1	ywdff15318mew144	20190106
7600	xiaomi	5	0	2900	1.1	1	gghym14445add158	20190106
7601	pinduoduo	5	0	7700	2.1	2	eayaa15478gdg130	20190106
7602	huawei	15	5	9200	2.2	2	amzcd14466mag126	20190106
7603	huawei	5	0	0000	5.1	1	wzzgw14301azm122	20190106
7604	microsoft	5	0	1200	3.1	1	ccxfm14961cew134	20190106
7605	xiaomi	15	3	2200	2.2	1	eawyc14849hdz179	20190106
7606	jd	15	3	8500	1.2	1	wedcf15267agy174	20190106
7607	apple	15	5	6500	2.1	2	aaxdm14648xzd181	20190106
7608	microsoft	15	5	5500	2.2	2	ccxfm14961cew134	20190106
7609	apple	5	0	8700	2.1	1	gadwe13988zmd124	20190106
7610	apple	5	0	2400	1.2	1	dxwme15180ehc149	20190106
7611	maotai	5	0	3300	2.1	1	adwzf14784xcy187	20190106
7612	apple	15	1	1200	1.2	1	cfedh14885gya163	20190106
7613	microsoft	5	0	2900	6.1	1	agdcd14915zfy190	20190106
7614	apple	15	5	7000	2.1	1	cfcgx14875aew195	20190106
7615	baojie	15	2	2900	1.1	1	ezadg13934dyx117	20190106
7616	jd	15	6	4500	2.2	1	fzycf15121xyz132	20190106
7617	microsoft	15	1	2600	2.2	1	dzmzy15319zfh136	20190106
7618	lv	5	0	1600	6.1	1	wedcf15267agy174	20190106
7619	microsoft	5	0	5800	1.1	2	ymzgd14952dhe135	20190106
7620	maotai	15	6	8700	1.1	1	fxyhw15696zyz186	20190106
7621	microsoft	5	0	8200	2.1	2	gffmh14510dfd173	20190106
7622	pinduoduo	5	0	7900	4.1	1	cfcgx14875aew195	20190106
7623	chanel	5	0	5500	5.1	1	mgmdc15692dxw179	20190106
7624	microsoft	15	6	3300	1.1	2	ehafd14854yya151	20190106
7625	chanel	15	2	8200	1.2	1	azcyx15699ghg175	20190106
7626	baojie	5	0	0000	1.1	1	xymyw14100zca171	20190106
7627	microsoft	15	1	1100	2.1	1	gczmc14381aff176	20190106
7628	xiaomi	5	0	2200	2.2	1	ghxah14173whz155	20190106
7629	chanel	15	6	3300	1.2	2	gcfyc15014aym142	20190106
7630	maotai	5	0	4200	4.1	2	xhzym15422dxw130	20190106
7631	maotai	5	0	4500	6.1	2	fgfxz14361aay158	20190106
7632	xiaomi	5	0	1100	3.1	1	ywmaw14893dgg171	20190106
7633	apple	5	0	8700	2.1	2	czymg15163gfm155	20190106
7634	lv	5	0	5200	4.1	1	aexxe14418czh129	20190106
7635	chanel	15	5	3600	2.2	1	mchzy14177efd177	20190106
7636	huawei	5	0	1000	4.1	1	gcmwh14499zaw159	20190106
7637	chanel	5	0	3900	1.1	2	dcfzz15090xyy143	20190106
7638	jd	15	3	3000	2.1	2	ddgyy15815gxe169	20190106
7639	microsoft	5	0	4900	6.1	1	xcxac15401zmh185	20190106
7640	apple	5	0	5800	5.1	1	axhdm15694eex187	20190106
7641	chanel	15	3	3300	1.1	1	ywdff15318mew144	20190106
7642	pinduoduo	15	5	5200	2.2	1	ddehm14075zwh125	20190106
7643	lv	15	6	3000	2.1	1	xgmeh14807fyf158	20190106
7644	microsoft	5	0	1900	1.1	2	dmfcf14309mez122	20190106
7645	apple	15	2	8500	2.1	1	yzhhh15064ccf136	20190106
7646	maotai	15	1	7300	1.2	2	zdyew15025agd154	20190106
7647	xiaomi	5	0	7300	5.1	2	ahhey14274zez153	20190106
7648	lv	5	0	4900	2.2	1	egfyh14945yhe150	20190106
7649	baojie	5	0	6500	2.2	2	agdcd14915zfy190	20190106
7650	pinduoduo	15	1	2200	1.2	1	cehfg14867aec191	20190106
7651	apple	15	1	1000	2.1	1	mchmz15259dyw186	20190106
7652	lv	15	5	6500	1.1	1	ccezz15686dad127	20190106
7653	xiaomi	5	0	2400	1.2	1	ecyya13985wcm173	20190106
7654	huawei	5	0	9100	1.2	1	hzgfz14796ema170	20190106
7655	xiaomi	5	0	2200	4.1	1	wyfzh14050fhc139	20190106
7656	huawei	5	0	8500	6.1	1	whfzz15428azx169	20190106
7657	xiaomi	5	0	5500	2.2	2	efwmw15811axa138	20190106
7658	chanel	15	3	1100	2.1	1	mddya14925ced180	20190106
7659	huawei	5	0	6100	5.1	2	gazdy15634cgd137	20190106
7660	maotai	15	3	3000	2.1	2	dmxac14023hyx194	20190106
7661	baojie	15	1	8200	2.2	2	wxchx15618mfd159	20190106
7662	maotai	15	2	5500	1.1	1	dcacc15768fyh173	20190106
7663	huawei	5	0	0000	1.1	1	xzcxa15556aez146	20190106
7664	apple	5	0	9100	5.1	1	ewmcf15086fhz141	20190106
7665	chanel	15	6	7300	2.2	1	fgyff15794fch148	20190106
7666	xiaomi	15	5	8200	2.1	2	fxyhw15696zyz186	20190106
7667	microsoft	5	0	1100	1.1	2	gzwez13966aah193	20190106
7668	apple	5	0	1900	1.2	1	weexx15332ddf149	20190106
7669	jd	5	0	1900	1.2	2	azdcy14006hxd175	20190106
7670	huawei	5	0	8200	1.2	2	dxxde15621yzy146	20190106
7671	xiaomi	15	4	3900	1.2	2	yfxwx14522wmx122	20190106
7672	pinduoduo	15	1	1900	2.2	2	mmeme15249cga130	20190106
7673	microsoft	5	0	6500	3.1	2	axxyh14236wmm194	20190106
7674	xiaomi	15	5	1000	1.1	2	gefxf14608zew166	20190106
7675	apple	5	0	3300	1.2	2	xchhg13898wmm163	20190106
7676	lv	5	0	1600	5.1	1	mxzgm14841ahc147	20190106
7677	pinduoduo	15	5	1600	2.2	2	cdmdw15434gae173	20190106
7678	apple	5	0	6400	1.1	1	wxxdz14564hfm189	20190106
7679	lv	5	0	7700	6.1	1	ehwfe13924cxx167	20190106
7680	jd	5	0	9000	1.1	1	xfdwc15051wdx181	20190106
7681	maotai	5	0	8700	4.1	1	dgcfh13852ddc173	20190106
7682	jd	15	6	1000	1.2	1	ehzef15385dma144	20190106
7683	lv	5	0	8500	4.1	2	fgxeh14944ezw172	20190106
7684	pinduoduo	15	3	5800	2.1	2	yyxme14892zxh158	20190106
7685	xiaomi	15	4	2900	2.1	1	mcxmg14145mhh170	20190106
7686	jd	5	0	8200	2.2	1	hgawz15442ahx168	20190106
7687	maotai	5	0	5200	1.2	2	zmmzf13851mzh158	20190106
7688	maotai	5	0	2200	5.1	1	gydez14611mdx125	20190106
7689	chanel	5	0	3300	6.1	2	fgcwe14503gee117	20190106
7690	lv	15	4	6500	2.2	2	zcccc14603fzx129	20190106
7691	microsoft	15	1	7900	1.1	2	yczzm15192wdy126	20190106
7692	maotai	15	3	5500	1.2	1	egfyh14945yhe150	20190106
7693	jd	5	0	3600	2.1	2	zhfxc15392fad145	20190106
7694	maotai	5	0	8500	3.1	1	afexg14213wwz172	20190106
7695	microsoft	5	0	0000	1.1	1	zaydz14953wdc146	20190106
7696	huawei	15	1	8200	1.2	1	yzdwa14113hax147	20190106
7697	xiaomi	15	4	5200	1.1	2	zhymg14111afy156	20190106
7698	jd	15	5	1900	2.1	2	fxdag15557xzf141	20190106
7699	chanel	5	0	6100	2.2	1	zxmwx15267xdx180	20190106
7700	pinduoduo	15	5	8700	1.2	1	gmwxa14476ehz154	20190106
7701	xiaomi	5	0	1600	2.1	1	zzadd15615mhc136	20190106
7702	maotai	5	0	2900	1.2	1	ychdg15528wxa151	20190106
7703	pinduoduo	15	5	9100	1.1	1	yyycy14933afz143	20190106
7704	xiaomi	5	0	7900	1.1	1	dxwme15180ehc149	20190106
7705	maotai	15	3	8800	1.2	1	ehmge15617ffg166	20190106
7706	lv	5	0	7900	4.1	1	axhdm15694eex187	20190106
7707	jd	15	5	6400	1.2	1	cxwgg14995exf165	20190106
7708	chanel	15	2	9000	1.1	2	yewdw14516xac149	20190106
7709	maotai	5	0	7700	2.2	2	zgggg14553wgc159	20190106
7710	jd	15	2	9200	1.1	2	mgmzg14709ycx192	20190106
7711	microsoft	5	0	3000	1.1	1	efwmw15811axa138	20190106
7712	apple	15	6	4500	2.2	1	dhhey14616gye133	20190106
7713	jd	15	6	1100	1.2	1	gczhf15093wyz145	20190106
7714	apple	5	0	5200	1.2	1	defcx14728xzx180	20190106
7715	chanel	15	1	4200	1.2	1	agdcd14915zfy190	20190106
7716	huawei	15	6	2200	1.2	1	wxxdz14564hfm189	20190106
7717	apple	15	5	4900	1.2	1	hdmex14321hzm188	20190106
7718	lv	15	6	6100	1.1	1	gcazx15695dze136	20190106
7719	lv	5	0	4200	5.1	1	xwzeh14572wed165	20190106
7720	jd	5	0	9200	2.2	1	zyzdw15267xdy143	20190106
7721	maotai	5	0	6500	1.2	2	ygaxm14445xac143	20190106
7722	xiaomi	5	0	6500	6.1	1	axhdm15694eex187	20190106
7723	chanel	15	6	1900	1.2	1	hafee14828wgy175	20190106
7724	microsoft	5	0	7900	2.2	1	xzezw14892xaw161	20190106
7725	xiaomi	5	0	3900	3.1	2	wacgm15479xxc160	20190106
7726	xiaomi	5	0	7700	1.2	1	yweda14363ycw192	20190106
7727	lv	15	4	1900	2.1	2	zymwy14166wdz189	20190106
7728	pinduoduo	5	0	6400	2.1	2	ccxfm14961cew134	20190106
7729	pinduoduo	15	3	8200	2.1	1	cxwgg14995exf165	20190106
7730	lv	5	0	8500	4.1	1	dmfcf14309mez122	20190106
7731	pinduoduo	5	0	1900	1.1	1	dyzhm13905fgm172	20190106
7732	chanel	5	0	1200	5.1	2	yffzm15394dfg163	20190106
7733	pinduoduo	15	2	4200	2.2	1	wawcy15659ddy166	20190106
7734	maotai	15	3	2200	2.2	1	ehafd14854yya151	20190106
7735	apple	5	0	9100	2.1	1	hgyyw15404xag175	20190106
7736	huawei	5	0	2200	1.2	1	dxycw15080mcd142	20190106
7737	microsoft	5	0	1900	1.1	2	ccaza15343fdz179	20190106
7738	jd	5	0	6100	2.1	1	hgzzy14625ayy181	20190106
7739	pinduoduo	5	0	6500	2.2	2	xgmeh14807fyf158	20190106
7740	baojie	5	0	1200	4.1	1	xwdzd14078dcy149	20190106
7741	lv	5	0	3900	3.1	1	yfxwx14522wmx122	20190106
7742	maotai	15	2	5800	1.2	2	emfdx15218yeh192	20190106
7743	baojie	5	0	7300	2.2	1	affha13838eha171	20190106
7744	xiaomi	5	0	7000	3.1	1	cweyf14561gya173	20190106
7745	pinduoduo	15	2	6100	1.2	1	fgfxz14361aay158	20190106
7746	jd	5	0	5500	2.2	2	mdzmf14132gha186	20190106
7747	apple	15	1	7300	1.2	2	yxmmy14678hhz184	20190106
7748	maotai	5	0	3600	1.2	1	dxycw15080mcd142	20190106
7749	baojie	15	2	2400	2.2	1	mxday15787dez148	20190106
7750	baojie	5	0	2200	2.2	1	yczye14344gwa168	20190106
7751	baojie	15	5	8200	2.2	1	gdmgx14403fmh171	20190106
7752	maotai	5	0	5200	1.1	1	cfcgx14875aew195	20190106
7753	xiaomi	5	0	0000	4.1	1	mhzhc15432ewg153	20190106
7754	microsoft	5	0	8700	1.2	1	fcmhc15773wze149	20190106
7755	pinduoduo	5	0	1600	2.1	2	xcaza14490ygd132	20190106
7756	pinduoduo	5	0	4500	2.2	1	acdcc15112gec151	20190106
7757	jd	5	0	6400	2.1	1	zyegy15760xdx144	20190106
7758	maotai	15	3	0000	1.1	2	xhygh14540fxd148	20190106
7759	microsoft	15	5	2200	2.2	2	efwmw15811axa138	20190106
7760	chanel	5	0	8700	5.1	1	gydez14611mdx125	20190106
7761	jd	15	5	7300	2.2	2	whwgc15284ham124	20190106
7762	pinduoduo	15	5	0000	1.1	2	hgawz15442ahx168	20190106
7763	jd	15	1	5800	1.2	1	dfcwh15761dhz150	20190106
7764	pinduoduo	5	0	2600	3.1	1	zegxg15709gfz118	20190106
7765	pinduoduo	15	1	8200	1.2	2	ezadg13934dyx117	20190106
7766	huawei	5	0	7700	4.1	2	cweyf14561gya173	20190106
7767	lv	15	3	6400	2.2	1	dgcfh13852ddc173	20190106
7768	maotai	15	4	4500	2.2	2	dzxmc15358gza133	20190106
7769	lv	5	0	4900	6.1	1	fydad15169myz156	20190106
7770	maotai	15	1	2200	2.2	2	yewhw15801wfm141	20190106
7771	huawei	15	3	6500	2.2	2	cdmdw15434gae173	20190106
7772	apple	15	5	3300	1.1	1	mmeme15249cga130	20190106
7773	xiaomi	15	2	3300	2.2	2	ffcay14973awm132	20190106
7774	lv	5	0	1100	2.1	1	mcfdc15110fez140	20190106
7775	pinduoduo	5	0	2200	3.1	1	hxgcx15439ffe189	20190106
7776	huawei	15	5	1200	1.1	1	mcecf15782ewd148	20190106
7777	apple	15	1	8800	1.1	1	wxmgz14825gmh128	20190106
7778	xiaomi	15	5	4200	2.1	1	cxwxy15067fad157	20190106
7779	baojie	15	2	5500	1.2	1	ygezd15560whc194	20190106
7780	lv	5	0	6500	4.1	1	yzdwa14113hax147	20190106
7781	microsoft	5	0	2200	5.1	1	aaxdm14648xzd181	20190106
7782	maotai	5	0	8800	3.1	2	gwxma15334yfy154	20190106
7783	apple	15	6	6500	1.2	1	gcfyc15014aym142	20190106
7784	chanel	5	0	2600	3.1	1	xhygh14540fxd148	20190106
7785	maotai	15	6	6100	1.2	1	aaaac15759fdy189	20190106
7786	xiaomi	5	0	2200	1.1	1	dmfcf14309mez122	20190106
7787	baojie	5	0	2200	6.1	1	hceyd14644xyd167	20190106
7788	xiaomi	15	2	1200	2.2	2	zyzdw15267xdy143	20190106
7789	microsoft	15	3	3900	1.2	2	hzwfa13841hfw167	20190106
7790	chanel	15	3	3900	2.2	1	wxzdf14024gdy119	20190106
7791	maotai	5	0	3900	1.1	1	ayxdw15074wwf159	20190106
7792	apple	15	6	8200	1.2	2	wedcf15267agy174	20190106
7793	microsoft	5	0	4200	4.1	1	cfwgy13796afa151	20190106
7794	baojie	5	0	6400	4.1	1	yewhw15801wfm141	20190106
7795	lv	15	6	8700	2.2	1	cazmf15539dfg169	20190106
7796	microsoft	15	2	4900	1.1	1	yyxme14892zxh158	20190106
7797	baojie	15	6	3000	1.2	2	ecmxh15539mxy137	20190106
7798	maotai	15	4	7300	2.2	1	wxxdz14564hfm189	20190106
7799	maotai	15	3	6100	2.2	2	hdcef15449hhf127	20190106
7800	jd	5	0	5500	2.1	1	yzeyz14338emw138	20190106
7801	microsoft	5	0	7900	6.1	2	exhhd14477yyz146	20190106
7802	maotai	15	4	3300	1.2	1	zgfmg14197gah145	20190106
7803	microsoft	15	4	7300	1.2	1	ehahg14092wex193	20190106
7804	microsoft	5	0	8500	1.1	1	gcmwh14499zaw159	20190106
7805	jd	15	3	9200	1.2	1	cdgze14332awy173	20190106
7806	microsoft	5	0	6100	1.2	2	gydez14611mdx125	20190106
7807	apple	5	0	4200	4.1	1	eheme15574eef128	20190106
7808	xiaomi	15	3	7900	2.1	1	axcah14786gye193	20190106
7809	microsoft	5	0	6400	3.1	1	dfxhy14836daa146	20190106
7810	baojie	15	6	4900	2.1	2	ccezz15686dad127	20190106
7811	huawei	15	4	1200	1.1	1	cchmf14138gax144	20190106
7812	maotai	15	5	6500	1.2	1	cxzcd14529zww138	20190106
7813	microsoft	15	5	8500	1.2	2	xgeyw15232myd193	20190106
7814	baojie	5	0	8500	1.1	1	emfdx15218yeh192	20190106
7815	xiaomi	5	0	7900	6.1	1	wdcxe15195czh186	20190106
7816	apple	15	3	3000	2.2	1	cmdgw15568fzg175	20190106
7817	jd	15	1	9000	2.1	1	addcg15782yma145	20190106
7818	baojie	5	0	7300	1.1	1	hfzhy15824yag136	20190106
7819	pinduoduo	15	3	7700	2.1	1	xadzg15758eha128	20190106
7820	jd	15	6	8200	2.1	1	mcdzc15507eay170	20190106
7821	jd	15	4	1200	2.2	1	dxccy15046xae142	20190106
7822	huawei	5	0	6400	1.1	2	wgefd14159acg178	20190106
7823	lv	5	0	2900	1.1	1	fgfxz14361aay158	20190106
7824	jd	5	0	1900	1.1	2	zehzy14362zmm186	20190106
7825	maotai	15	6	1900	2.2	1	whyfe15297hfw176	20190106
7826	xiaomi	5	0	8800	2.1	1	adday14155yhg133	20190106
7827	apple	15	4	3900	2.2	1	gadwe13988zmd124	20190106
7828	baojie	15	1	6500	1.2	1	fxdaf15157ydf132	20190106
7829	huawei	5	0	8700	2.2	1	ggcey14971xhm186	20190106
7830	baojie	15	4	8700	1.1	1	wedcf15267agy174	20190106
7831	apple	15	6	8700	1.2	1	zwzcg14982yge173	20190106
7832	apple	5	0	6400	5.1	1	mcecf15782ewd148	20190106
7833	lv	5	0	5500	4.1	1	zwzcg14982yge173	20190106
7834	apple	15	2	7900	2.1	1	wwwam15654gxc178	20190106
7835	apple	15	5	4900	2.2	1	awfwx15641zge187	20190106
7836	maotai	5	0	1600	3.1	1	yweda14363ycw192	20190106
7837	maotai	15	5	6500	1.1	2	fcyza15586mde177	20190106
7838	maotai	15	6	2400	2.1	2	whghw14831gad150	20190106
7839	lv	5	0	3900	1.2	2	zhwcy15052xdc179	20190106
7840	microsoft	15	5	1000	1.1	1	xxxef15099zhw132	20190106
7841	microsoft	5	0	6500	2.1	2	gzmgg14689fxx164	20190106
7842	apple	5	0	5200	2.1	1	mcfdc15110fez140	20190106
7843	lv	5	0	3900	6.1	1	hdmex14321hzm188	20190106
7844	chanel	5	0	5800	1.2	1	hmdca14744cda186	20190106
7845	xiaomi	5	0	5200	2.2	1	dgemh14427cdg163	20190106
7846	xiaomi	5	0	4900	3.1	1	xzezw14892xaw161	20190106
7847	jd	5	0	4500	3.1	2	cccfh14592gcg181	20190106
7848	pinduoduo	5	0	3000	6.1	1	mmzmg14890zcy164	20190106
7849	huawei	15	4	8200	1.1	2	zwxda14426xce185	20190106
7850	microsoft	15	6	1900	2.1	1	weexx15332ddf149	20190106
7851	chanel	5	0	6500	4.1	1	hyhzh15373cym172	20190106
7852	huawei	15	6	6100	2.2	1	xxwwe15523exf153	20190106
7853	xiaomi	5	0	7300	4.1	2	awmdw14746zdm133	20190106
7854	baojie	5	0	6400	2.1	1	mmzmg14890zcy164	20190106
7855	chanel	15	5	5500	2.2	1	mxwaz14561gwz149	20190106
7856	jd	15	3	6100	2.1	1	zezcy15084ffg143	20190106
7857	chanel	5	0	8200	3.1	1	ffyzh14561ywa129	20190106
7858	jd	5	0	7900	1.1	1	hyfaw15667xch181	20190106
7859	huawei	15	4	2400	1.1	1	axfeh14175why187	20190106
7860	microsoft	15	6	3000	2.2	1	gdydy14058zwz125	20190106
7861	chanel	5	0	7700	2.1	1	yfhzd13811aey182	20190106
7862	pinduoduo	15	3	1600	1.1	1	weexx15332ddf149	20190106
7863	lv	15	3	6400	1.2	2	mgmdc15692dxw179	20190106
7864	jd	5	0	1200	5.1	1	mdaey13910cgc192	20190106
7865	jd	15	2	2400	1.2	2	cxgec14561wfx119	20190106
7866	baojie	15	5	6500	2.2	2	acdcc15112gec151	20190106
7867	pinduoduo	5	0	1100	4.1	2	hyhwz15347ezh175	20190106
7868	baojie	15	5	3600	1.1	1	zcccc14603fzx129	20190106
7869	xiaomi	15	2	3300	2.2	1	cfadf14916ddd184	20190106
7870	apple	15	5	9100	2.2	1	mcfdc15110fez140	20190106
7871	pinduoduo	5	0	7900	5.1	1	wzzzf14475whm143	20190106
7872	maotai	15	4	2400	1.1	1	ehwgy15803dyx143	20190106
7873	lv	15	5	0000	2.1	1	ccaza15343fdz179	20190106
7874	chanel	15	4	8700	2.1	1	xmeef14806ddc139	20190106
7875	jd	15	4	7000	2.2	1	agdzh14294ffy163	20190106
7876	chanel	15	2	7000	1.2	1	fyyxm14505cdm137	20190106
7877	maotai	15	5	7300	1.1	2	fmmza14944awa161	20190106
7878	jd	15	2	8500	1.1	2	exhgd14888fwf183	20190106
7879	maotai	15	1	5200	1.1	2	xgydx14751wza138	20190106
7880	apple	5	0	8200	5.1	1	cfedh14885gya163	20190106
7881	lv	5	0	0000	6.1	2	exhhd14477yyz146	20190106
7882	xiaomi	15	2	1200	1.2	1	wxxdz14564hfm189	20190106
7883	pinduoduo	5	0	0000	3.1	2	cfzzg15031cff118	20190106
7884	lv	15	3	2400	2.2	2	fcmhc15773wze149	20190106
7885	chanel	15	1	5800	1.1	1	mchzy14177efd177	20190106
7886	apple	5	0	3600	2.1	2	hyadz15432amw125	20190106
7887	xiaomi	5	0	2400	1.1	2	zfahd14499hcd178	20190106
7888	jd	15	4	8500	2.2	1	fddza13870gyd188	20190106
7889	chanel	5	0	3000	4.1	1	mcxmg14145mhh170	20190106
7890	jd	5	0	4200	5.1	1	dmxac14023hyx194	20190106
7891	microsoft	5	0	3000	2.2	1	efyma15319dew159	20190106
7892	apple	5	0	5800	3.1	1	gydez14611mdx125	20190106
7893	baojie	5	0	3300	4.1	1	ayxdw15074wwf159	20190106
7894	xiaomi	15	2	7700	2.2	1	gcmwh14499zaw159	20190106
7895	jd	5	0	6500	1.2	2	xwedg15711ece148	20190106
7896	apple	15	3	1200	2.1	1	ewmcf15086fhz141	20190106
7897	maotai	5	0	9200	5.1	1	czymg15163gfm155	20190106
7898	huawei	5	0	2600	3.1	1	wxzdf14024gdy119	20190106
7899	baojie	15	1	6500	2.1	2	hcxzc13885wdx148	20190106
7900	microsoft	15	5	3000	2.2	1	ccfag15443ygd119	20190106
7901	pinduoduo	5	0	1900	2.2	1	ghacg14907dzw142	20190106
7902	microsoft	5	0	2900	1.1	2	yzeyz14338emw138	20190106
7903	chanel	5	0	3000	5.1	1	fhgex15661mhd183	20190106
7904	chanel	15	3	4200	2.1	1	ddgyy15815gxe169	20190106
7905	huawei	15	5	0000	2.2	2	dzeaz15490emm162	20190106
7906	maotai	15	3	1000	2.1	1	ychdg15528wxa151	20190106
7907	huawei	5	0	0000	2.1	1	zyaze15745wyx132	20190106
7908	apple	5	0	6500	2.1	2	axezm13928emw126	20190106
7909	xiaomi	15	5	1600	1.2	1	zzexm14693zed144	20190106
7910	xiaomi	5	0	2200	6.1	1	dhhey14616gye133	20190106
7911	pinduoduo	5	0	8700	6.1	1	yecca14290eec141	20190106
7912	pinduoduo	15	5	5200	2.1	1	fxdag15557xzf141	20190106
7913	lv	15	6	3600	1.2	1	ydexz14616eda154	20190106
7914	chanel	15	5	6100	1.2	2	mmhzc15803eaz169	20190106
7915	microsoft	15	6	1200	1.1	1	fwafg13984zey165	20190106
7916	maotai	5	0	2400	3.1	1	amzcd14466mag126	20190106
7917	apple	15	1	5500	2.1	2	hfgex14452zfm158	20190106
7918	apple	5	0	6400	1.2	2	fxzea14913fwz117	20190106
7919	chanel	5	0	2200	2.1	1	ccyed15784dhw194	20190106
7920	xiaomi	5	0	3000	4.1	1	xwmyy14887zcd192	20190106
7921	xiaomi	15	6	1200	1.2	1	gczmc14381aff176	20190106
7922	microsoft	5	0	8200	4.1	1	yffzm15394dfg163	20190106
7923	apple	5	0	4500	2.1	1	ecmxh15539mxy137	20190106
7924	jd	15	5	5200	2.1	1	ezezh15036xfe164	20190106
7925	baojie	15	2	8700	2.2	1	wyfzh14050fhc139	20190106
7926	jd	15	4	1100	2.1	2	dcacc15768fyh173	20190106
7927	apple	5	0	9100	2.1	1	fgcwe14503gee117	20190106
7928	chanel	5	0	3300	2.1	2	xhygh14540fxd148	20190106
7929	lv	5	0	1000	4.1	2	zaddc15277hya184	20190106
7930	baojie	15	2	7300	2.2	1	mdaey13910cgc192	20190106
7931	maotai	5	0	2600	6.1	1	fgyaz14143hdy186	20190106
7932	jd	15	4	8800	2.2	2	cfcgx14875aew195	20190106
7933	microsoft	5	0	9000	2.1	2	fhmfy15117dzg176	20190106
7934	apple	15	4	1600	1.2	2	dxxde15621yzy146	20190106
7935	huawei	5	0	4200	6.1	1	zgwem14174mfw122	20190106
7936	xiaomi	5	0	8800	2.2	1	ccfag15443ygd119	20190106
7937	xiaomi	15	4	8500	2.2	1	xwedg15711ece148	20190106
7938	chanel	5	0	3000	1.1	1	ewmcf15086fhz141	20190106
7939	maotai	5	0	7700	5.1	1	gccaf14350mxc143	20190106
7940	xiaomi	15	3	8800	2.2	1	zgfmg14197gah145	20190106
7941	microsoft	5	0	6100	5.1	1	cwcxd15497xme137	20190106
7942	apple	5	0	8800	5.1	2	ccfag15443ygd119	20190106
7943	apple	5	0	8200	4.1	2	ehwfe13924cxx167	20190106
7944	chanel	5	0	2200	6.1	1	cxwxy15067fad157	20190106
7945	baojie	5	0	2400	2.1	1	yyywm14475hmw154	20190106
7946	apple	5	0	3000	2.2	1	whfzz15428azx169	20190106
7947	xiaomi	15	6	3600	2.2	1	xgydx14751wza138	20190106
7948	microsoft	15	4	3300	1.1	2	axcah14786gye193	20190106
7949	maotai	5	0	1600	6.1	1	zyegy15760xdx144	20190106
7950	jd	15	6	2900	1.1	2	yweda14363ycw192	20190106
7951	pinduoduo	5	0	4200	2.1	1	zmmzf13851mzh158	20190106
7952	maotai	5	0	1900	1.1	1	cfcgx14875aew195	20190106
7953	huawei	5	0	9200	6.1	1	xcycx14882mxh119	20190106
7954	baojie	15	2	6500	1.2	2	ehzef15385dma144	20190106
7955	baojie	5	0	1900	5.1	2	ymzgd14952dhe135	20190106
7956	apple	5	0	3900	6.1	1	yxcge13977cmc180	20190106
7957	baojie	15	2	1900	2.2	2	efwmw15811axa138	20190106
7958	xiaomi	5	0	4500	2.1	1	defcx14728xzx180	20190106
7959	xiaomi	5	0	6500	1.2	1	ddamz15405wxz181	20190106
7960	jd	5	0	2900	1.1	1	cfedh14885gya163	20190106
7961	pinduoduo	15	6	4900	1.1	1	zzcgg13934hme175	20190106
7962	huawei	15	1	9000	2.1	1	ehzef15385dma144	20190106
7963	pinduoduo	15	3	4200	1.1	1	fhgex15661mhd183	20190106
7964	baojie	5	0	5500	1.1	1	ezafg15489ezz153	20190106
7965	microsoft	15	6	7000	2.2	2	xahza14508agy178	20190106
7966	apple	15	6	6500	2.1	1	wdemx15777zmh192	20190106
7967	lv	15	3	9200	2.2	2	caded14618wma160	20190106
7968	maotai	5	0	5200	2.1	1	whghw14831gad150	20190106
7969	apple	15	2	6100	2.1	1	hyegx14807chw159	20190106
7970	maotai	5	0	7300	3.1	1	exhgd14888fwf183	20190106
7971	xiaomi	5	0	5200	4.1	1	wxmgz14825gmh128	20190106
7972	pinduoduo	5	0	2400	3.1	2	awewm15281eyz193	20190106
7973	pinduoduo	15	3	2900	1.2	1	zzyhm14865dey176	20190106
7974	chanel	5	0	3000	2.1	1	cweyf14561gya173	20190106
7975	microsoft	15	3	3300	1.1	1	gygzf15213xdg163	20190106
7976	lv	5	0	2600	6.1	2	zcccc14603fzx129	20190106
7977	lv	15	3	8700	2.1	2	gmhzy14840xhy117	20190106
7978	maotai	15	1	1600	2.1	1	ymdfy15093hzh137	20190106
7979	apple	15	6	5200	1.2	1	wawcy15659ddy166	20190106
7980	baojie	5	0	5200	1.1	1	acdcc15112gec151	20190106
7981	microsoft	5	0	0000	1.2	1	cfadf14916ddd184	20190106
7982	huawei	5	0	1600	3.1	1	xhzym15422dxw130	20190106
7983	chanel	15	2	8500	1.2	1	ggghm13952fxe158	20190106
7984	xiaomi	5	0	0000	4.1	2	zyzdw15267xdy143	20190106
7985	xiaomi	15	4	3300	2.1	1	wgmaf15651hxz194	20190106
7986	huawei	5	0	1600	1.1	1	fecdx14925ffz133	20190106
7987	chanel	15	2	3600	2.2	1	ayxdw15074wwf159	20190106
7988	xiaomi	5	0	2400	5.1	1	wxzdf14024gdy119	20190106
7989	xiaomi	5	0	7300	3.1	1	adwzf14784xcy187	20190106
7990	lv	5	0	1600	6.1	1	wedcf15267agy174	20190106
7991	baojie	5	0	7900	2.1	1	wawcy15659ddy166	20190106
7992	chanel	5	0	1900	6.1	1	xhzym15422dxw130	20190106
7993	lv	15	1	7000	2.1	2	ahgmm15826eam166	20190106
7994	microsoft	15	5	0000	2.2	1	awexm14248ddx193	20190106
7995	xiaomi	15	1	6500	2.1	1	dcfhy15484mec158	20190106
7996	huawei	5	0	1200	3.1	1	ccfag15443ygd119	20190106
7997	lv	5	0	3600	5.1	1	zgggg14553wgc159	20190106
7998	chanel	15	4	3000	2.1	1	ecxcy15536fgx138	20190106
7999	lv	5	0	2900	5.1	1	zzexm14693zed144	20190106
