1000	baojie	5	0	1200	1.2	1	hafdy15730wwd169	20190101
1001	jd	5	0	5200	5.1	1	zezze13846xym142	20190101
1002	microsoft	15	6	4500	1.1	1	xaweg15387ffw120	20190101
1003	lv	15	1	7000	1.2	1	xcgdm15542hfh118	20190101
1004	chanel	5	0	3600	2.2	2	gwewc14064xew166	20190101
1005	maotai	5	0	3000	1.1	1	mfdya15476fme184	20190101
1006	chanel	15	5	1100	2.1	1	mxdeh15574xch153	20190101
1007	microsoft	15	4	1200	2.1	1	fgxde14859fxh131	20190101
1008	chanel	5	0	3300	2.1	2	fzhwz14373yyh117	20190101
1009	baojie	15	6	3000	1.1	2	dwggw14849mxf190	20190101
1010	baojie	15	3	4200	1.2	2	dmcfe14020dhc130	20190101
1011	baojie	5	0	3900	5.1	2	fcgdx13936hce173	20190101
1012	lv	5	0	4200	2.2	1	magxm15749fce131	20190101
1013	jd	5	0	9000	2.1	1	emzhz15690wdz181	20190101
1014	huawei	5	0	1600	2.2	1	mefah15177gew126	20190101
1015	pinduoduo	5	0	8700	2.2	1	eehze14815xmh156	20190101
1016	lv	5	0	9200	5.1	1	dggwx13889xfa158	20190101
1017	lv	5	0	1600	3.1	1	zyyzw15305hfw137	20190101
1018	jd	15	6	8200	2.1	1	agzmy15500hmc128	20190101
1019	jd	5	0	4200	1.1	1	mheac15549xyx151	20190101
1020	huawei	5	0	3600	3.1	1	myyxc14670xyh129	20190101
1021	xiaomi	5	0	8800	2.1	1	ygagh14839ezx131	20190101
1022	microsoft	5	0	7900	5.1	1	hyafa15699xxy131	20190101
1023	microsoft	5	0	9200	2.2	2	hegze14243hzx169	20190101
1024	pinduoduo	15	6	8200	2.1	1	wcdxw15261few144	20190101
1025	apple	15	2	8800	1.2	1	xmdya13891mwh167	20190101
1026	xiaomi	15	1	7900	1.2	2	xywga13923yyy195	20190101
1027	lv	5	0	6100	4.1	1	fghxw14827hmd185	20190101
1028	microsoft	5	0	4900	3.1	1	hxadm14667xgc147	20190101
1029	apple	15	2	4900	1.2	1	cwcdc14371cmf151	20190101
1030	baojie	5	0	6500	5.1	1	mefah15177gew126	20190101
1031	baojie	5	0	3300	1.1	1	fmfeh14338mxm161	20190101
1032	xiaomi	5	0	0000	2.1	1	mxxza14592adz135	20190101
1033	chanel	15	5	6100	2.1	2	gffzy14546wga195	20190101
1034	lv	5	0	5500	1.2	1	gmhxa14165zgx129	20190101
1035	lv	15	3	7300	2.1	1	wfeda15458cya145	20190101
1036	jd	5	0	2400	2.1	1	fgczf15696cyc145	20190101
1037	huawei	15	1	3000	1.2	1	xgyyg14363zdx151	20190101
1038	pinduoduo	15	5	2900	1.1	1	zyfxm14329efh149	20190101
1039	maotai	5	0	6100	2.1	1	dmfae15666dxz125	20190101
1040	pinduoduo	5	0	7900	1.1	1	hahdw15165dcc146	20190101
1041	apple	5	0	8200	2.1	1	zwgyg13846ecc144	20190101
1042	microsoft	15	3	4200	2.1	2	ggcwc14589faz125	20190101
1043	jd	5	0	1100	5.1	1	zadxh14747agz191	20190101
1044	chanel	15	1	1600	2.2	1	zeyfz14283ymf137	20190101
1045	microsoft	15	3	8200	2.2	1	yffgf14995xyg130	20190101
1046	lv	5	0	8500	1.2	1	fcawh14506xyd159	20190101
1047	huawei	15	1	8700	2.1	1	wycyd15074dhm148	20190101
1048	lv	15	1	8700	2.1	1	zezze13846xym142	20190101
1049	lv	15	6	6100	2.1	1	dmwhz14974hwf124	20190101
1050	microsoft	15	1	1900	2.1	1	ehwwa14039xem162	20190101
1051	microsoft	15	4	4200	1.2	1	gfhha13933axg121	20190101
1052	baojie	5	0	4500	3.1	2	emmag14779ddx183	20190101
1053	xiaomi	5	0	3300	3.1	1	cheww14964hmy144	20190101
1054	baojie	5	0	8800	3.1	1	eahmm14662ffe124	20190101
1055	baojie	15	4	7300	2.2	1	fymyh13969cmz183	20190101
1056	apple	5	0	5200	4.1	2	gzmhh14450gdd133	20190101
1057	jd	5	0	4900	2.1	2	xzdyw14528mam157	20190101
1058	xiaomi	5	0	9000	2.2	1	fdgyg15342gay125	20190101
1059	baojie	5	0	7300	5.1	2	cccya15654zzg189	20190101
1060	chanel	5	0	0000	2.1	2	yffgf14995xyg130	20190101
1061	maotai	15	5	0000	1.2	1	eggyh13829zgg121	20190101
1062	baojie	5	0	8200	3.1	1	magxm15749fce131	20190101
1063	microsoft	5	0	5800	1.2	1	xcdxa14586fea180	20190101
1064	maotai	5	0	8800	4.1	1	wzfyx14116ghh163	20190101
1065	chanel	5	0	3300	1.1	1	wyazx14106yem142	20190101
1066	apple	15	3	8800	2.2	1	awdda14416acz163	20190101
1067	jd	15	4	7900	1.1	1	mggec14716gma118	20190101
1068	xiaomi	15	2	3000	1.2	2	fzmhx14382deg151	20190101
1069	huawei	15	3	9000	1.1	1	zwamw14575cmm173	20190101
1070	jd	15	2	2200	1.2	2	xcmda15588xhf148	20190101
1071	jd	15	6	5800	2.1	1	mhdmh15260edy145	20190101
1072	maotai	5	0	1200	6.1	1	xmfed15717ezx143	20190101
1073	pinduoduo	5	0	9100	3.1	1	gfhha13933axg121	20190101
1074	baojie	5	0	1100	3.1	1	amyax14359aze165	20190101
1075	apple	15	1	7300	1.2	2	cxwdc14008yzg144	20190101
1076	xiaomi	5	0	4200	4.1	2	xcyam15396aex148	20190101
1077	huawei	15	3	5500	1.1	1	hgaem14061ghw163	20190101
1078	xiaomi	5	0	1100	1.2	1	xcmda15588xhf148	20190101
1079	xiaomi	5	0	3000	2.2	1	dfgyz15635dmy145	20190101
1080	baojie	15	2	1100	1.1	1	hmaww14851eyd192	20190101
1081	jd	15	3	4900	2.1	2	xzdyw14528mam157	20190101
1082	apple	15	3	7700	1.2	2	acfxg14283zma168	20190101
1083	baojie	5	0	1600	1.2	1	xffhd15798mhg189	20190101
1084	jd	5	0	6100	2.1	2	mefah15177gew126	20190101
1085	lv	5	0	0000	1.2	1	mmehf14331zwd138	20190101
1086	jd	15	6	7700	1.2	2	fafyw14852cwc179	20190101
1087	microsoft	5	0	7000	3.1	1	mgdgy15141xay120	20190101
1088	apple	15	3	5800	1.2	2	dyxaa15827fzh122	20190101
1089	baojie	5	0	2200	3.1	2	mzwcd14566dey137	20190101
1090	lv	5	0	4500	6.1	1	mxafd15783mha190	20190101
1091	maotai	5	0	8700	3.1	1	wfefx15171wxx136	20190101
1092	maotai	15	1	9000	1.1	1	mmwey14069aag171	20190101
1093	huawei	15	3	7700	2.2	1	cemwd13882chw187	20190101
1094	jd	5	0	4500	2.1	1	wfyam14759ddh121	20190101
1095	baojie	15	5	4500	1.1	1	wcghx15002dhy182	20190101
1096	chanel	5	0	7700	1.2	2	wxdfa15666acz139	20190101
1097	baojie	15	1	0000	2.1	1	xffhd15798mhg189	20190101
1098	huawei	15	6	8200	2.2	1	zfezf15297yee124	20190101
1099	lv	5	0	9200	5.1	1	fecyf13999ahh166	20190101
1100	apple	5	0	2600	2.2	1	yfxyg15713dfh175	20190101
1101	jd	5	0	1600	5.1	1	hfaag14177yyc129	20190101
1102	baojie	15	2	7000	1.2	1	exfzm14257axx138	20190101
1103	jd	15	3	7900	1.1	1	gxcax14512wwa169	20190101
1104	baojie	5	0	9000	6.1	1	fxmdf15218gha185	20190101
1105	xiaomi	15	5	3300	2.2	1	gfwdy14839mhe187	20190101
1106	microsoft	5	0	2900	5.1	1	zegmy14314hmm173	20190101
1107	xiaomi	5	0	7300	1.1	1	xwwme14938zyx124	20190101
1108	huawei	5	0	9200	4.1	2	egcmd15604efc191	20190101
1109	chanel	5	0	4900	1.1	2	xcxcz14202fhx179	20190101
1110	jd	15	3	5800	1.2	1	yezhf14693xca174	20190101
1111	baojie	5	0	9100	4.1	1	xhfhh15730mwy117	20190101
1112	microsoft	5	0	6400	1.2	2	agywy14620xcc186	20190101
1113	baojie	5	0	0000	2.1	1	xygmf14706edg137	20190101
1114	lv	5	0	1600	2.1	2	xcxcz14202fhx179	20190101
1115	chanel	15	2	6400	1.1	2	hydww15654gxh139	20190101
1116	huawei	15	3	2600	2.1	1	hyfay14192mmx155	20190101
1117	chanel	15	4	7000	2.1	1	dmfae15666dxz125	20190101
1118	apple	15	2	8200	2.2	2	myxwc15594myw139	20190101
1119	apple	15	6	0000	2.1	1	dmwhz14974hwf124	20190101
1120	microsoft	5	0	7700	1.1	1	xdmxa15820gyd131	20190101
1121	xiaomi	15	2	8500	2.1	1	hymhe15720hfw154	20190101
1122	xiaomi	15	4	6400	2.1	1	yhgfe14608xmh151	20190101
1123	xiaomi	5	0	5200	2.2	2	mexzg14577hcz166	20190101
1124	lv	5	0	6500	6.1	2	zdeac15133eeg148	20190101
1125	jd	5	0	9200	5.1	1	whwmz15537gmz187	20190101
1126	huawei	15	5	4900	1.1	2	gmcze15627ywy147	20190101
1127	pinduoduo	15	5	1600	2.1	1	gafha14626zcd192	20190101
1128	jd	5	0	8500	1.2	1	xmdya13891mwh167	20190101
1129	maotai	15	1	8700	1.2	2	xhazg14736wey177	20190101
1130	chanel	5	0	3600	1.2	2	zazez14440xzz160	20190101
1131	chanel	5	0	9200	3.1	1	caamc14943hcf127	20190101
1132	pinduoduo	5	0	6500	2.1	1	hycwh15144chz121	20190101
1133	maotai	15	5	2600	1.1	1	gmxew15650xzf157	20190101
1134	xiaomi	5	0	3000	2.1	1	ecwha13867hxm120	20190101
1135	lv	5	0	5500	2.2	1	mhxdg15485ezy148	20190101
1136	maotai	5	0	5200	4.1	1	mfwgg15752czw140	20190101
1137	baojie	5	0	1100	1.1	1	zmdcf14791ceh181	20190101
1138	pinduoduo	15	3	8800	1.2	2	cheee14936cxy190	20190101
1139	apple	15	2	6500	2.2	1	ddxam13902ezx164	20190101
1140	microsoft	5	0	0000	1.2	2	wwcef14899xwh138	20190101
1141	chanel	15	6	1900	2.2	2	deexw14932hgw170	20190101
1142	apple	5	0	7700	6.1	1	cfzwc14596eax164	20190101
1143	jd	15	5	3300	2.2	1	xywga13923yyy195	20190101
1144	xiaomi	5	0	3600	6.1	1	zdzyg13937hwc165	20190101
1145	huawei	15	2	9100	2.2	1	xcmda15588xhf148	20190101
1146	apple	15	1	8500	1.1	1	ywwhg14494ehx169	20190101
1147	lv	5	0	6500	5.1	2	cxwdc14008yzg144	20190101
1148	maotai	15	6	8200	1.2	1	hfaag14177yyc129	20190101
1149	lv	15	1	1100	1.2	1	hefgc15361geg195	20190101
1150	huawei	15	6	5500	2.1	1	dagdd13911cmh192	20190101
1151	chanel	5	0	3600	2.2	2	wyzxz14950xfm181	20190101
1152	huawei	5	0	6400	5.1	1	emzhz15690wdz181	20190101
1153	baojie	15	6	2400	1.1	2	mfdya15476fme184	20190101
1154	huawei	5	0	7000	2.2	1	fygxy15457dez182	20190101
1155	xiaomi	5	0	2600	1.1	1	zzgax15533cfg173	20190101
1156	huawei	5	0	2900	6.1	1	agmex13975gde125	20190101
1157	jd	5	0	3900	2.1	1	mfdya15476fme184	20190101
1158	baojie	5	0	3900	6.1	1	xhhzx13827eef195	20190101
1159	xiaomi	15	6	7300	1.1	2	zhxhc15195gww194	20190101
1160	maotai	15	2	4200	2.2	1	mczzc15799adf119	20190101
1161	chanel	5	0	4900	2.1	2	gxmwe14078myf193	20190101
1162	apple	5	0	6400	5.1	1	yxfmz15065cmm130	20190101
1163	huawei	5	0	3300	2.1	2	zmdcf14791ceh181	20190101
1164	baojie	15	1	5200	1.1	2	fazee15433gyf120	20190101
1165	jd	5	0	1100	3.1	2	cwcdc14371cmf151	20190101
1166	huawei	5	0	7300	1.1	1	xzexx14084ggz140	20190101
1167	jd	5	0	3000	2.2	1	ggyyx14325yxc136	20190101
1168	lv	5	0	5200	6.1	1	aewzg14910azz170	20190101
1169	pinduoduo	5	0	9200	3.1	2	mhxdg15485ezy148	20190101
1170	lv	5	0	4900	2.2	1	xwwme14938zyx124	20190101
1171	jd	15	1	2400	2.2	1	mdyzd14568mfe136	20190101
1172	apple	15	6	8700	1.1	1	xhffm14986fxa133	20190101
1173	maotai	5	0	1900	5.1	1	gddwe14223mmm180	20190101
1174	huawei	5	0	3000	3.1	1	yfxyg15713dfh175	20190101
1175	chanel	15	4	2400	1.1	1	wzhwd15276xcc141	20190101
1176	chanel	15	1	0000	1.2	1	wgwww13912xcw146	20190101
1177	chanel	15	1	6100	1.2	2	hghym15130wah154	20190101
1178	maotai	5	0	6500	3.1	1	zhcze15285fax130	20190101
1179	huawei	15	5	5800	1.1	2	meywy14991exg125	20190101
1180	baojie	5	0	8800	3.1	1	hefgc15361geg195	20190101
1181	pinduoduo	5	0	3900	2.2	1	wyazx14106yem142	20190101
1182	microsoft	15	2	1600	1.2	1	yfexm14230cax155	20190101
1183	jd	5	0	1600	5.1	1	hheea14723zyc184	20190101
1184	apple	5	0	4900	6.1	2	xmdya13891mwh167	20190101
1185	chanel	5	0	6100	2.1	1	zmzhg14187dgd123	20190101
1186	apple	15	6	5200	1.1	2	awmdh15815yfm127	20190101
1187	pinduoduo	15	6	3900	1.1	1	hwway13965zaw147	20190101
1188	jd	5	0	6500	2.2	2	dmcfe14020dhc130	20190101
1189	pinduoduo	5	0	9100	1.1	1	yyyfh14126wdg139	20190101
1190	chanel	15	6	5800	1.2	1	dzxxc14168cxw133	20190101
1191	maotai	15	1	6500	2.1	1	ayyfx15449fze184	20190101
1192	lv	5	0	7900	6.1	2	zggdd14992ehc134	20190101
1193	maotai	5	0	5200	5.1	1	fyhmd15090ywg155	20190101
1194	apple	15	6	2400	1.1	2	hyafa15699xxy131	20190101
1195	jd	15	5	7900	1.1	1	wwcef14899xwh138	20190101
1196	microsoft	15	6	4500	2.2	1	yhadf13819gyy130	20190101
1197	huawei	15	1	4200	2.2	2	fmyec14454eex137	20190101
1198	maotai	5	0	9100	4.1	2	fegcg14829wdc143	20190101
1199	jd	5	0	1000	2.1	1	ehxhf15434zez136	20190101
1200	pinduoduo	5	0	2900	2.2	2	xhhzx13827eef195	20190101
1201	xiaomi	15	5	9000	1.2	2	gmfda14840yma158	20190101
1202	microsoft	5	0	1000	2.2	2	deecf15293dgh190	20190101
1203	microsoft	15	2	6500	2.2	2	yyadf13927zhm151	20190101
1204	pinduoduo	15	2	8700	2.2	1	agzmy15500hmc128	20190101
1205	maotai	15	2	6100	1.1	2	aheef15156emy158	20190101
1206	huawei	5	0	8800	6.1	1	zwfcf15070hya173	20190101
1207	apple	15	5	2600	1.2	1	ezdch14466xgh173	20190101
1208	pinduoduo	5	0	1000	1.1	2	fxgca14294czf137	20190101
1209	lv	15	2	5500	1.1	2	eeamx15505xmx148	20190101
1210	lv	15	3	0000	1.2	1	exyce14010ddw153	20190101
1211	microsoft	15	2	1200	1.2	1	mgwzx14918xgh183	20190101
1212	apple	15	3	3000	1.1	1	cmexz13938gae159	20190101
1213	apple	15	6	1600	2.1	1	gefmc15130zdf130	20190101
1214	apple	15	6	8700	1.1	1	gedxf14742cfm157	20190101
1215	chanel	5	0	2900	3.1	1	xmdya13891mwh167	20190101
1216	chanel	15	6	5200	2.1	2	zecaw15103gfz161	20190101
1217	microsoft	15	4	3300	2.1	1	wwcef14899xwh138	20190101
1218	huawei	5	0	8500	1.1	2	yehhe15554dez144	20190101
1219	pinduoduo	5	0	3000	5.1	2	mefah15177gew126	20190101
1220	maotai	5	0	7700	2.2	2	ccxyx14766wae132	20190101
1221	maotai	5	0	4200	5.1	1	gmcze15627ywy147	20190101
1222	microsoft	5	0	5800	6.1	1	ymafe14775aam181	20190101
1223	chanel	5	0	2600	6.1	1	fgczf15696cyc145	20190101
1224	xiaomi	15	5	1200	1.1	1	gwfyh14649wzf179	20190101
1225	chanel	5	0	9200	5.1	1	wxmec13823dzz177	20190101
1226	microsoft	15	1	6100	2.1	1	dyxch14175yaf154	20190101
1227	pinduoduo	5	0	7700	1.1	1	mhdmh15260edy145	20190101
1228	apple	5	0	9000	1.2	1	eczxw14180ega190	20190101
1229	jd	15	2	3600	1.2	1	hmygd13975xmm129	20190101
1230	lv	15	1	8800	1.2	1	cymaw14293xfw187	20190101
1231	xiaomi	15	3	3300	1.1	1	wcmew14285dzf169	20190101
1232	baojie	5	0	1900	6.1	1	hyfdh14454yex139	20190101
1233	jd	15	4	1900	1.1	2	dmwca15439zad179	20190101
1234	lv	15	1	4500	2.1	1	xcgzw15791fzc127	20190101
1235	maotai	15	4	5200	2.1	1	czzfy14497aca190	20190101
1236	xiaomi	5	0	7900	3.1	1	mgmcz14721hmx191	20190101
1237	baojie	5	0	1900	4.1	2	amyax14359aze165	20190101
1238	baojie	5	0	7300	6.1	1	egxyx14003wym131	20190101
1239	maotai	5	0	4900	6.1	2	ddydm15305ege184	20190101
1240	maotai	15	1	9200	1.1	1	dffag15471yzy179	20190101
1241	apple	15	5	9100	1.1	1	cwzee14140wze162	20190101
1242	huawei	5	0	3600	2.1	1	afdae13877zcc170	20190101
1243	apple	15	4	5800	2.2	2	hxmdx15784cgf181	20190101
1244	xiaomi	5	0	8700	4.1	2	efdmh14256eae178	20190101
1245	jd	5	0	5800	2.1	2	hydww15654gxh139	20190101
1246	maotai	15	6	5800	2.2	2	eczxw14180ega190	20190101
1247	jd	15	6	1900	2.2	2	gfxzx15073hzx131	20190101
1248	jd	5	0	1900	2.1	2	fwmme15044mfm182	20190101
1249	huawei	5	0	1600	3.1	1	gxwca14491wge117	20190101
1250	jd	15	6	8500	1.1	1	zecaw15103gfz161	20190101
1251	apple	5	0	6100	1.2	2	xydzx14349wxg138	20190101
1252	maotai	5	0	6100	2.2	2	wcmew14285dzf169	20190101
1253	huawei	15	6	7900	1.2	1	agxfe14230fza195	20190101
1254	apple	15	2	6500	1.1	2	mdecd15695eyh145	20190101
1255	apple	5	0	8800	4.1	2	caamc14943hcf127	20190101
1256	xiaomi	5	0	1900	5.1	1	zmdcf14791ceh181	20190101
1257	pinduoduo	15	6	2900	2.1	2	gwygh14746wdd123	20190101
1258	apple	5	0	2200	2.1	2	gdach15400hew159	20190101
1259	xiaomi	15	1	4900	1.1	1	ghxfd15540eyh121	20190101
1260	baojie	5	0	2200	1.1	2	mhamh15194cwx145	20190101
1261	microsoft	5	0	2200	3.1	1	zggdd14992ehc134	20190101
1262	chanel	5	0	7700	1.1	1	mczzc15799adf119	20190101
1263	xiaomi	15	3	6500	1.2	1	aaeyh15496xcg145	20190101
1264	huawei	15	4	6400	2.1	2	mxyyc14382efx151	20190101
1265	maotai	5	0	7300	6.1	2	cdwhg14225aaw140	20190101
1266	maotai	15	5	2400	2.1	2	amhyy14995dhh142	20190101
1267	baojie	15	4	5800	1.2	1	gcaza14150xzg149	20190101
1268	baojie	5	0	8200	1.2	1	eyycc13820hce151	20190101
1269	chanel	5	0	4200	1.2	1	xhffm14986fxa133	20190101
1270	huawei	15	5	6500	2.1	1	cemwd13882chw187	20190101
1271	microsoft	5	0	3300	6.1	2	egwgz14569hez117	20190101
1272	jd	15	6	6400	2.1	1	yzxem15251awc172	20190101
1273	chanel	5	0	9000	3.1	1	emaxc15409zxz139	20190101
1274	maotai	15	1	2600	2.2	1	cxgdz15159gww139	20190101
1275	pinduoduo	15	5	3900	2.1	1	xgzag14799dfw129	20190101
1276	jd	5	0	8800	4.1	2	agywy14620xcc186	20190101
1277	maotai	15	5	4200	1.2	2	fzhdg14717had164	20190101
1278	baojie	5	0	3300	4.1	1	ywhgg14780wca151	20190101
1279	pinduoduo	15	2	8200	2.1	1	yehca15660yey171	20190101
1280	microsoft	15	2	2600	1.2	1	yehca15660yey171	20190101
1281	maotai	15	6	3600	1.1	1	czhdw14834wcy181	20190101
1282	maotai	5	0	1000	5.1	2	wcmew14285dzf169	20190101
1283	microsoft	5	0	5500	1.2	2	dhccx14093ygm141	20190101
1284	pinduoduo	5	0	9200	3.1	1	hxfym13952way137	20190101
1285	xiaomi	5	0	7000	3.1	1	zhcze15285fax130	20190101
1286	apple	5	0	1200	5.1	1	hmmgw13905eem127	20190101
1287	jd	5	0	1100	2.1	1	ezwch13893fdx148	20190101
1288	huawei	5	0	1200	5.1	1	wfyam14759ddh121	20190101
1289	baojie	5	0	7700	2.2	1	deexw14932hgw170	20190101
1290	jd	5	0	6400	2.2	1	gmcwf14779dcx165	20190101
1291	apple	15	5	2900	2.1	1	agzmy15500hmc128	20190101
1292	apple	15	4	4200	2.2	1	cweec15676zha156	20190101
1293	apple	15	5	5200	2.1	1	dygxc14669wah127	20190101
1294	pinduoduo	15	3	4200	2.1	2	zcydc15290hac154	20190101
1295	jd	5	0	3300	4.1	1	gydhc14140cwx156	20190101
1296	chanel	5	0	8500	2.2	1	mheac15549xyx151	20190101
1297	huawei	5	0	6500	2.2	1	hydda15034xee173	20190101
1298	microsoft	5	0	2400	4.1	1	wgmgw14864czd158	20190101
1299	huawei	15	4	7900	1.1	1	mdxfa14947wma175	20190101
1300	maotai	5	0	7900	6.1	1	efgwg15677yfw176	20190101
1301	jd	15	5	1200	1.2	1	dzxwm13802mdf168	20190101
1302	baojie	5	0	3300	4.1	1	mxzyd14541wya170	20190101
1303	pinduoduo	5	0	6100	2.1	1	wmccx14677mxw177	20190101
1304	apple	5	0	1600	3.1	1	fdgyg15342gay125	20190101
1305	xiaomi	5	0	3000	6.1	1	cheee14936cxy190	20190101
1306	chanel	15	1	3600	2.1	2	xwzfy15453cgg119	20190101
1307	maotai	5	0	3300	1.2	2	zzgax15533cfg173	20190101
1308	xiaomi	15	4	7300	2.2	1	faadh14065xax144	20190101
1309	jd	15	3	6500	2.1	1	czmwy15058xay193	20190101
1310	huawei	15	4	6500	2.1	2	czhdw14834wcy181	20190101
1311	chanel	15	6	1100	2.1	2	zhyxf14787zmx163	20190101
1312	chanel	15	4	8200	2.2	2	yhwza14933ygx124	20190101
1313	jd	5	0	7000	4.1	1	gmfda14840yma158	20190101
1314	maotai	5	0	1000	2.2	2	dhwgf15310ayf184	20190101
1315	huawei	5	0	8200	6.1	2	gmhxa14165zgx129	20190101
1316	jd	15	4	6500	2.2	1	cczgg14007dff195	20190101
1317	apple	15	2	1200	2.1	2	fhaac14791mfc180	20190101
1318	xiaomi	5	0	6500	4.1	2	ewdmw14288dex174	20190101
1319	microsoft	5	0	1600	2.2	1	yhwdy15288ceg170	20190101
1320	baojie	5	0	6100	2.2	1	hfgaw14981wfc122	20190101
1321	microsoft	5	0	4900	1.1	1	ayyfx15449fze184	20190101
1322	microsoft	5	0	8500	1.2	1	wgcfg15450maa133	20190101
1323	baojie	5	0	6500	1.2	2	faadh14065xax144	20190101
1324	jd	5	0	4900	3.1	1	dmwca15439zad179	20190101
1325	lv	5	0	3900	2.1	2	wyzxz14950xfm181	20190101
1326	jd	15	2	1000	2.2	1	wgmfd15472adw151	20190101
1327	jd	15	4	3000	1.1	2	dhmyz14694fem133	20190101
1328	pinduoduo	15	2	1600	2.2	2	xaywa15334ada120	20190101
1329	chanel	5	0	1900	2.2	1	yfexm14230cax155	20190101
1330	pinduoduo	5	0	2400	4.1	1	egzez14761ccx172	20190101
1331	xiaomi	15	5	4900	1.2	2	hheea14723zyc184	20190101
1332	xiaomi	15	1	1900	1.2	2	gegcw13842gga130	20190101
1333	lv	15	3	5200	2.2	1	gmcze15627ywy147	20190101
1334	xiaomi	15	5	6100	1.1	1	xaweg15387ffw120	20190101
1335	pinduoduo	15	3	2200	1.2	1	exazf14886gae185	20190101
1336	jd	15	1	5800	1.1	2	mwhya14905ddc122	20190101
1337	maotai	15	6	7900	1.2	2	chfcd15281azx176	20190101
1338	microsoft	15	4	9100	1.1	1	afcyy14737hzx125	20190101
1339	jd	5	0	7000	1.2	1	wxmec13823dzz177	20190101
1340	microsoft	5	0	8500	2.1	1	ddxam13902ezx164	20190101
1341	lv	15	5	5500	1.1	2	xyhxg15469fdw154	20190101
1342	huawei	5	0	4500	6.1	1	gddwe14223mmm180	20190101
1343	chanel	5	0	5800	4.1	2	aheef15156emy158	20190101
1344	lv	15	2	7900	2.2	1	hmmgw13905eem127	20190101
1345	jd	15	2	1600	2.2	1	dzcmg15442mzm152	20190101
1346	chanel	15	1	6400	1.1	1	ygmdx14070eya190	20190101
1347	jd	5	0	1200	2.1	2	mexzg14577hcz166	20190101
1348	jd	5	0	4200	2.1	2	ehxwm14085yef135	20190101
1349	pinduoduo	5	0	2900	2.1	1	hgaem14061ghw163	20190101
1350	baojie	5	0	5200	1.1	1	demzd14840ymc141	20190101
1351	baojie	5	0	1000	2.2	1	zggdd14992ehc134	20190101
1352	microsoft	15	4	0000	2.1	1	zhxhc15195gww194	20190101
1353	xiaomi	5	0	6100	2.2	1	xdeem14393wcw154	20190101
1354	huawei	5	0	0000	6.1	1	dmwfg15473zfh173	20190101
1355	lv	5	0	0000	1.1	1	gxcax14512wwa169	20190101
1356	baojie	5	0	7300	1.1	1	ewccm15306aae152	20190101
1357	jd	5	0	9000	1.1	1	gxcax14512wwa169	20190101
1358	lv	15	4	3600	2.2	1	xmzzh15276hyx133	20190101
1359	lv	5	0	8800	4.1	1	cdwwm14702cey140	20190101
1360	lv	15	4	2600	2.1	1	ecwhc13891fmw190	20190101
1361	pinduoduo	15	6	6500	1.2	2	fczdc14471hzm122	20190101
1362	apple	15	4	8700	2.1	1	gxcax14512wwa169	20190101
1363	baojie	15	5	8200	1.1	2	daggy14072hmz169	20190101
1364	maotai	5	0	3300	3.1	1	wcazg14577mga150	20190101
1365	pinduoduo	15	3	6400	2.1	1	mmwey14069aag171	20190101
1366	apple	15	3	4500	2.2	2	fgxde14859fxh131	20190101
1367	microsoft	15	4	3900	2.1	1	fxxgd14745czx186	20190101
1368	apple	15	2	2900	2.1	1	dzcmg15442mzm152	20190101
1369	pinduoduo	5	0	3300	3.1	1	aewcx14125gcd159	20190101
1370	huawei	5	0	8700	1.1	1	exyce14010ddw153	20190101
1371	apple	15	4	7300	1.2	1	yffgf14995xyg130	20190101
1372	huawei	15	3	1600	2.1	1	czffy14975hcm162	20190101
1373	baojie	5	0	7300	2.2	2	mwcfz14110wfc192	20190101
1374	huawei	5	0	5200	2.2	1	dchea14210fgy181	20190101
1375	baojie	5	0	6100	4.1	2	cemwd13882chw187	20190101
1376	jd	5	0	1600	3.1	1	ccxdx13819dfh124	20190101
1377	xiaomi	15	2	6500	1.1	1	cchcg14814mzy189	20190101
1378	chanel	5	0	3300	2.1	2	mfchx14220wha123	20190101
1379	baojie	15	3	8200	2.2	1	wgcfg15450maa133	20190101
1380	apple	15	4	9100	1.1	1	zwgyg13846ecc144	20190101
1381	huawei	5	0	1200	6.1	2	fhaac14791mfc180	20190101
1382	microsoft	15	2	7300	1.1	1	czffy14975hcm162	20190101
1383	maotai	15	2	7300	1.2	2	yhgha13794afc148	20190101
1384	microsoft	15	3	6500	2.2	1	egzhy15174ffx135	20190101
1385	huawei	15	3	2200	1.2	1	xwxea14415fca152	20190101
1386	xiaomi	15	3	7900	2.1	1	weagc15787geg180	20190101
1387	xiaomi	5	0	3000	1.2	2	hyafa15699xxy131	20190101
1388	xiaomi	5	0	3000	3.1	1	fymyh13969cmz183	20190101
1389	baojie	15	1	2900	1.2	1	agwwc14964hzg172	20190101
1390	chanel	15	4	2600	2.2	1	wwwyh15033cxm163	20190101
1391	apple	15	6	4500	1.1	1	hgwez15208fzf187	20190101
1392	baojie	15	4	7900	1.2	1	hgmfm15544mag138	20190101
1393	microsoft	15	2	2200	2.1	1	ygagh14839ezx131	20190101
1394	chanel	15	2	8700	1.1	1	ggyyx14325yxc136	20190101
1395	pinduoduo	5	0	4900	1.2	1	eeamx15505xmx148	20190101
1396	huawei	5	0	1200	2.2	1	zmdcf14791ceh181	20190101
1397	xiaomi	5	0	4900	1.2	1	dxfax15647ggz188	20190101
1398	pinduoduo	15	6	3000	2.2	1	cywcd14199exd194	20190101
1399	jd	15	4	9100	2.1	2	ydedd15325meg171	20190101
1400	huawei	15	1	1600	2.1	2	zazcd15387fhh148	20190101
1401	baojie	5	0	3900	6.1	1	hahcw15182mdh133	20190101
1402	microsoft	15	1	2900	1.1	1	dhgfe14725dmz182	20190101
1403	jd	15	5	4200	1.1	1	gfmyy15399dcm181	20190101
1404	microsoft	5	0	1100	1.2	1	ygyda13924wxh180	20190101
1405	microsoft	15	6	3900	1.1	1	ehgwx14015fhh143	20190101
1406	huawei	5	0	6100	3.1	2	dyxdc14672zhg154	20190101
1407	baojie	15	4	1200	2.2	1	xygey15349mhd151	20190101
1408	microsoft	15	5	3000	2.1	1	fmfeh14338mxm161	20190101
1409	apple	15	2	6500	2.2	1	hyfdh14454yex139	20190101
1410	microsoft	15	4	5500	2.1	1	fyxgy15261yyx176	20190101
1411	maotai	5	0	2200	4.1	1	zwamw14575cmm173	20190101
1412	microsoft	5	0	6100	2.2	1	hyfdh14454yex139	20190101
1413	chanel	5	0	1900	6.1	2	acfxg14283zma168	20190101
1414	microsoft	15	3	1200	1.2	1	fxmwa14556wfz129	20190101
1415	xiaomi	5	0	5500	4.1	1	ywhfd14830fey125	20190101
1416	maotai	15	3	8700	1.1	2	fazee15433gyf120	20190101
1417	pinduoduo	15	5	9100	2.2	1	xgyyg14363zdx151	20190101
1418	pinduoduo	5	0	5500	1.2	1	ggwhx14778gyc163	20190101
1419	microsoft	15	6	4200	1.1	1	dzxxc14168cxw133	20190101
1420	apple	15	3	5800	2.2	1	dzcmg15442mzm152	20190101
1421	lv	15	2	1600	1.2	2	egzze15004mgg185	20190101
1422	chanel	15	4	6400	1.2	2	whawh15590czc168	20190101
1423	apple	5	0	3300	6.1	2	xcyxg14537ezh178	20190101
1424	xiaomi	5	0	8800	3.1	2	yhgfe14608xmh151	20190101
1425	pinduoduo	5	0	5200	1.1	1	wzdgf15293xea128	20190101
1426	maotai	5	0	8200	1.1	1	mfhcc14293zfy192	20190101
1427	pinduoduo	5	0	5800	3.1	1	mgmcz14721hmx191	20190101
1428	huawei	5	0	1900	2.2	1	ahdde14627hzm163	20190101
1429	xiaomi	5	0	8500	2.2	2	hfcmz14543gwa169	20190101
1430	pinduoduo	15	4	2900	2.2	1	fegcg14829wdc143	20190101
1431	jd	15	5	9200	1.1	1	ghwcg14911xmm173	20190101
1432	lv	5	0	9000	2.1	1	amhyy14995dhh142	20190101
1433	baojie	15	6	7300	2.2	1	mdwxm14868cwa173	20190101
1434	maotai	15	1	5800	2.2	1	meefc14359gaz145	20190101
1435	huawei	15	4	3900	1.2	1	axdyw14390cxg147	20190101
1436	lv	15	4	7000	2.2	1	haxxh14064mxy169	20190101
1437	huawei	15	1	2200	2.2	1	gmfda14840yma158	20190101
1438	microsoft	15	6	9000	2.1	2	caamc14943hcf127	20190101
1439	apple	15	1	2900	2.1	2	gdfma14614eem134	20190101
1440	pinduoduo	5	0	6500	4.1	1	xzzwa14390zme134	20190101
1441	maotai	5	0	2600	5.1	1	gwgxm15116dfw186	20190101
1442	jd	15	3	8500	1.1	1	ygchy14141mmg146	20190101
1443	apple	5	0	8700	4.1	1	dfyzf14501gcg166	20190101
1444	xiaomi	5	0	4500	6.1	1	xhfhh15730mwy117	20190101
1445	microsoft	15	5	3600	1.2	1	xgmcm13969hfg169	20190101
1446	lv	15	2	0000	1.1	1	fwmme15044mfm182	20190101
1447	huawei	15	1	2900	2.2	2	zyxda15787ehc127	20190101
1448	apple	5	0	3300	2.1	2	hxxff13797cxe151	20190101
1449	apple	5	0	7000	1.1	1	hxxff13797cxe151	20190101
1450	apple	15	3	1100	1.2	1	gefdz14460hcx123	20190101
1451	apple	15	4	7900	2.1	1	egfef14550hda177	20190101
1452	microsoft	15	2	7000	1.1	1	aaeyh15496xcg145	20190101
1453	xiaomi	15	5	6100	1.1	1	hgmfm15544mag138	20190101
1454	baojie	5	0	8200	4.1	1	mhdmh15260edy145	20190101
1455	lv	15	4	3900	2.1	2	wcdxw15261few144	20190101
1456	apple	5	0	6500	6.1	1	yhgfe14608xmh151	20190101
1457	chanel	5	0	6500	4.1	1	yfham14784zcc191	20190101
1458	pinduoduo	15	4	9200	1.1	1	zgeyg14849czw151	20190101
1459	baojie	5	0	8200	3.1	1	gedmz14409mmd150	20190101
1460	jd	5	0	3000	4.1	1	faheg14272mcm172	20190101
1461	lv	5	0	8500	1.2	2	yahaw14903acy147	20190101
1462	maotai	15	3	1200	1.2	1	mfdya15476fme184	20190101
1463	baojie	15	2	4900	2.2	1	gzhxm15067mce136	20190101
1464	huawei	15	6	1200	1.1	2	gffzy14546wga195	20190101
1465	xiaomi	5	0	3000	2.1	2	zyfxm14329efh149	20190101
1466	apple	15	5	1600	2.1	1	mxxza14592adz135	20190101
1467	chanel	5	0	1600	1.1	2	xwdme15356xeg151	20190101
1468	xiaomi	15	6	6400	1.2	2	azxea15020meg171	20190101
1469	baojie	15	3	9200	2.1	2	zwdaa13881whw190	20190101
1470	maotai	5	0	4900	4.1	1	cccya15654zzg189	20190101
1471	microsoft	15	2	9200	2.1	2	mfhcc14293zfy192	20190101
1472	maotai	15	6	2200	2.1	2	zegmy14314hmm173	20190101
1473	huawei	5	0	4200	3.1	1	hxfym13952way137	20190101
1474	xiaomi	15	5	1200	1.2	1	dcwfz14205edg145	20190101
1475	xiaomi	15	6	2600	2.2	1	gfcaz14775mah139	20190101
1476	baojie	15	1	8200	2.1	2	zfyfz13955yhz129	20190101
1477	jd	5	0	3600	5.1	1	cfzwc14596eax164	20190101
1478	apple	15	3	3000	2.1	2	hzwzm14600cfa186	20190101
1479	microsoft	15	5	4500	2.1	2	xhffm14986fxa133	20190101
1480	lv	5	0	1000	3.1	2	fazee15433gyf120	20190101
1481	maotai	5	0	5200	6.1	1	fgczf15696cyc145	20190101
1482	jd	5	0	9200	1.1	1	hafdy15730wwd169	20190101
1483	lv	15	4	3600	2.1	2	cadym13974cae127	20190101
1484	huawei	15	5	3300	1.1	1	xfgym15000ezd135	20190101
1485	chanel	15	2	7300	1.1	2	zchde14085gaf186	20190101
1486	apple	5	0	2200	3.1	1	xfgym15000ezd135	20190101
1487	lv	5	0	6400	2.1	2	ywhgg14780wca151	20190101
1488	maotai	5	0	2400	2.2	1	yfexm14230cax155	20190101
1489	apple	15	6	5800	2.1	1	dwzfd14450cde128	20190101
1490	huawei	5	0	7000	1.1	2	zgeyg14849czw151	20190101
1491	lv	15	2	8500	2.2	1	agxfe14230fza195	20190101
1492	baojie	5	0	0000	4.1	2	hahdw15165dcc146	20190101
1493	baojie	15	4	4200	1.1	1	yezhf14693xca174	20190101
1494	apple	5	0	0000	6.1	1	xyhxg15469fdw154	20190101
1495	microsoft	15	4	2900	1.2	2	gxcga15726zhw158	20190101
1496	microsoft	5	0	3600	1.2	1	ydedd15325meg171	20190101
1497	huawei	5	0	4900	1.1	1	hymhe15720hfw154	20190101
1498	baojie	15	1	5200	1.2	2	caamc14943hcf127	20190101
1499	pinduoduo	15	5	1600	1.2	1	dyxch14175yaf154	20190101
1500	baojie	5	0	2900	3.1	2	fzhdg14717had164	20190101
1501	baojie	5	0	2400	3.1	1	fghxw14827hmd185	20190101
1502	chanel	15	4	1200	2.2	1	fgczf15696cyc145	20190101
1503	chanel	15	1	3900	2.1	2	gfhha13933axg121	20190101
1504	baojie	15	5	4500	1.1	1	wzfyx14116ghh163	20190101
1505	apple	5	0	6500	1.1	1	facde15694yyw157	20190101
1506	jd	15	6	1900	1.1	1	wccgx14694fdf150	20190101
1507	maotai	15	4	5800	1.2	2	xydzx14349wxg138	20190101
1508	apple	15	1	7900	1.1	2	wgmgw14864czd158	20190101
1509	chanel	15	1	4900	2.2	1	gfcaz14775mah139	20190101
1510	jd	5	0	5500	3.1	1	exxcg15770hcm157	20190101
1511	pinduoduo	15	1	8200	1.1	1	fxmwa14556wfz129	20190101
1512	chanel	5	0	8500	5.1	1	cdwhg14225aaw140	20190101
1513	baojie	5	0	9200	5.1	2	zgeyg14849czw151	20190101
1514	huawei	15	1	6500	1.2	1	zcyhg15717fcy138	20190101
1515	jd	15	3	2900	1.2	1	exayw14901ffc154	20190101
1516	baojie	15	2	1000	1.2	2	xzzwa14390zme134	20190101
1517	xiaomi	5	0	7700	1.2	1	hyfdh14454yex139	20190101
1518	jd	5	0	5200	3.1	2	ycwgc15167zcx130	20190101
1519	maotai	15	1	0000	2.2	1	mycge14785mfz131	20190101
1520	xiaomi	15	4	5200	1.2	1	mzwcd14566dey137	20190101
1521	huawei	5	0	3000	4.1	1	hahgf15752fah163	20190101
1522	lv	15	1	6400	2.2	1	xdeem14393wcw154	20190101
1523	jd	5	0	3600	3.1	1	xmdya13891mwh167	20190101
1524	microsoft	5	0	7900	6.1	1	wzhwd15276xcc141	20190101
1525	maotai	5	0	4200	4.1	1	cfgmw13947dex168	20190101
1526	chanel	5	0	1000	1.2	1	dxaga13871ycz127	20190101
1527	jd	15	2	6500	2.2	1	zggdd14992ehc134	20190101
1528	lv	5	0	9200	2.1	1	azzxd15073xgw134	20190101
1529	microsoft	15	5	6100	1.1	2	yhadf13819gyy130	20190101
1530	huawei	5	0	6100	5.1	2	mzwcd14566dey137	20190101
1531	jd	15	6	2200	2.1	1	ahgag15216yzy182	20190101
1532	microsoft	15	5	1900	2.1	2	ywhgg14780wca151	20190101
1533	chanel	5	0	3600	2.2	2	fxmwa14556wfz129	20190101
1534	lv	5	0	1900	5.1	1	gxwca14491wge117	20190101
1535	pinduoduo	15	3	8800	2.1	1	zghyw15434xax129	20190101
1536	maotai	15	5	5200	2.1	2	cydgh15682cdm148	20190101
1537	lv	5	0	1000	2.1	1	dygxc14669wah127	20190101
1538	chanel	15	2	4900	2.1	1	xyhhg15699gcz149	20190101
1539	xiaomi	15	4	9000	2.1	1	dhgfe14725dmz182	20190101
1540	jd	15	4	8800	2.1	1	czffy14975hcm162	20190101
1541	microsoft	15	4	4200	1.1	2	emade14574fxa163	20190101
1542	pinduoduo	15	3	6500	2.1	2	mfhcc14293zfy192	20190101
1543	chanel	5	0	7000	2.2	1	cxwwy15817xeg185	20190101
1544	lv	15	1	7700	2.2	1	zegmy14314hmm173	20190101
1545	baojie	15	4	1900	1.1	2	gzmce15331mdx173	20190101
1546	apple	15	3	2600	2.2	1	xfffc15659xey172	20190101
1547	jd	5	0	4200	2.2	2	fzmhf14714mxg171	20190101
1548	jd	15	2	2400	2.1	1	hwmem15230ggh188	20190101
1549	baojie	5	0	4500	1.2	1	xyhxg15469fdw154	20190101
1550	jd	5	0	8800	1.2	2	myxwc15594myw139	20190101
1551	baojie	5	0	9000	3.1	1	ggcwc14589faz125	20190101
1552	xiaomi	5	0	9100	6.1	1	acfxg14283zma168	20190101
1553	maotai	5	0	3300	3.1	2	hahgf15752fah163	20190101
1554	huawei	15	4	3300	1.1	1	zxhhz15515dcy178	20190101
1555	maotai	15	2	1900	1.2	1	egzhy15174ffx135	20190101
1556	apple	5	0	6100	2.2	2	ymxhd15393zya141	20190101
1557	xiaomi	15	3	5500	1.2	2	dgdem15332hee118	20190101
1558	huawei	15	1	3900	2.1	2	yezhf14693xca174	20190101
1559	apple	5	0	9100	1.1	2	faheg14272mcm172	20190101
1560	microsoft	5	0	3300	6.1	2	eahmm14662ffe124	20190101
1561	baojie	5	0	1900	1.1	1	cweec15676zha156	20190101
1562	apple	5	0	7300	1.1	1	zazcd15387fhh148	20190101
1563	xiaomi	15	5	8800	1.2	2	dxzyy15244yag120	20190101
1564	chanel	5	0	7000	5.1	1	wxcda14760zmx193	20190101
1565	lv	15	5	3900	1.2	1	wxcda14760zmx193	20190101
1566	chanel	5	0	2900	1.1	2	xwwme14938zyx124	20190101
1567	apple	5	0	6100	4.1	1	dwzfd14450cde128	20190101
1568	microsoft	15	4	7000	1.1	1	zmdcf14791ceh181	20190101
1569	xiaomi	15	2	9100	2.1	1	wfeda15458cya145	20190101
1570	pinduoduo	15	4	2400	1.2	1	ywwhg14494ehx169	20190101
1571	chanel	15	6	2900	2.2	2	gydyz13929dff127	20190101
1572	maotai	15	4	4900	1.1	2	agxfe14230fza195	20190101
1573	huawei	15	4	5800	1.2	1	hxxyf15786yfz193	20190101
1574	pinduoduo	15	4	7900	2.1	1	yyfzx14455ycz167	20190101
1575	chanel	5	0	6100	1.1	2	xaxgw15522hez128	20190101
1576	microsoft	15	1	4900	2.2	1	deccx14449fgz166	20190101
1577	apple	15	6	9200	1.1	1	fymyh13969cmz183	20190101
1578	pinduoduo	15	1	2200	1.2	2	wxdfa15666acz139	20190101
1579	jd	15	3	5800	2.2	1	yehca15660yey171	20190101
1580	apple	15	4	7000	1.1	1	acfxg14283zma168	20190101
1581	microsoft	5	0	3000	1.2	2	xdmxa15820gyd131	20190101
1582	xiaomi	5	0	1600	5.1	1	whawh15590czc168	20190101
1583	xiaomi	15	1	6500	2.2	1	gefmc15130zdf130	20190101
1584	maotai	15	4	4900	1.1	1	egfef14550hda177	20190101
1585	chanel	15	3	7000	2.1	2	egcmd15604efc191	20190101
1586	apple	15	4	9100	2.1	2	xfffc15659xey172	20190101
1587	lv	5	0	7300	6.1	2	wmadc15275wcy186	20190101
1588	jd	5	0	9100	6.1	1	hzzzc14748eya168	20190101
1589	xiaomi	15	3	4900	2.1	1	wggwa15207fgw186	20190101
1590	jd	5	0	3900	3.1	2	egzze15004mgg185	20190101
1591	xiaomi	5	0	1900	1.1	1	ygchy14141mmg146	20190101
1592	huawei	5	0	8700	6.1	1	zczgw15421fcf120	20190101
1593	chanel	15	1	2200	2.2	1	ghwac15154egz181	20190101
1594	maotai	15	5	3300	2.2	1	zycag15487emx191	20190101
1595	baojie	5	0	3600	3.1	1	cydgh15682cdm148	20190101
1596	baojie	15	6	6500	1.1	1	gwygh14746wdd123	20190101
1597	pinduoduo	5	0	6400	3.1	2	dyxdc14672zhg154	20190101
1598	apple	15	2	2900	2.2	2	hefgc15361geg195	20190101
1599	apple	5	0	2400	6.1	1	gwfyh14649wzf179	20190101
1600	apple	5	0	3300	6.1	2	zmhxx14132wyz132	20190101
1601	chanel	5	0	3900	1.2	2	yhgfe14608xmh151	20190101
1602	huawei	5	0	9100	6.1	1	xdeem14393wcw154	20190101
1603	jd	5	0	9200	5.1	1	cexax15749ewc155	20190101
1604	huawei	5	0	1000	3.1	1	dhmae14042awe129	20190101
1605	baojie	5	0	8800	2.1	1	wcwww14441xyx124	20190101
1606	chanel	5	0	8200	1.1	2	gmfda14840yma158	20190101
1607	apple	15	4	4200	1.1	1	wcdxw15261few144	20190101
1608	baojie	5	0	5500	6.1	1	zdeac15133eeg148	20190101
1609	pinduoduo	15	5	7000	1.2	1	ywhgg14780wca151	20190101
1610	chanel	5	0	8800	2.1	1	xcgdm15542hfh118	20190101
1611	lv	5	0	9000	6.1	1	xmzzh15276hyx133	20190101
1612	apple	15	1	2600	1.2	2	wggwa15207fgw186	20190101
1613	baojie	5	0	6500	1.1	1	axhfc15365zch166	20190101
1614	huawei	5	0	7300	2.1	1	ezyhw15732ccw180	20190101
1615	chanel	15	5	2600	1.2	1	mefdy14314emg176	20190101
1616	apple	5	0	7300	2.2	2	xzcwx15298dfm140	20190101
1617	chanel	5	0	5500	3.1	1	mgdgy15141xay120	20190101
1618	xiaomi	5	0	1200	1.2	1	mefdy14314emg176	20190101
1619	lv	5	0	5200	3.1	1	dhgfe14725dmz182	20190101
1620	maotai	15	6	9200	1.1	1	hwmem15230ggh188	20190101
1621	maotai	15	2	7000	2.1	1	wgmgw14864czd158	20190101
1622	pinduoduo	15	5	2400	1.1	1	zyfcz15579zdg124	20190101
1623	chanel	5	0	1600	2.2	1	xwdme15356xeg151	20190101
1624	maotai	5	0	9100	1.1	2	zhxhc15195gww194	20190101
1625	huawei	5	0	7300	2.1	1	mgxag14968cym153	20190101
1626	baojie	5	0	8700	5.1	1	dmwca15439zad179	20190101
1627	lv	15	4	1200	1.2	1	zxhhz15515dcy178	20190101
1628	huawei	15	3	6500	1.1	1	dgdmx14580aeh176	20190101
1629	apple	15	6	6500	1.2	1	zfcgc14475ydd183	20190101
1630	xiaomi	15	4	3000	1.2	1	mhdmy15572gag136	20190101
1631	microsoft	5	0	6500	1.2	1	gxcgx15138yhg175	20190101
1632	xiaomi	5	0	4500	6.1	2	gedxf14742cfm157	20190101
1633	lv	5	0	8200	6.1	1	mhamh15194cwx145	20190101
1634	lv	5	0	7700	1.1	1	hafdy15730wwd169	20190101
1635	pinduoduo	15	5	1200	1.1	1	fygxy15457dez182	20190101
1636	apple	5	0	5800	1.1	1	whawh15590czc168	20190101
1637	chanel	5	0	2200	6.1	1	xhhzx13827eef195	20190101
1638	lv	15	1	5500	2.1	2	gfmyy15399dcm181	20190101
1639	lv	5	0	3600	2.2	1	ghwcg14911xmm173	20190101
1640	huawei	15	2	2200	2.1	1	mdemf15747ymh141	20190101
1641	jd	5	0	7900	4.1	2	zmhxx14132wyz132	20190101
1642	apple	5	0	4900	2.2	1	fczzh15220cam195	20190101
1643	apple	5	0	5800	2.1	1	ydedd15325meg171	20190101
1644	maotai	15	4	2600	1.1	2	fghxw14827hmd185	20190101
1645	jd	15	2	7300	2.2	1	cgmeh14601wyg152	20190101
1646	huawei	5	0	3000	1.2	1	dzxxc14168cxw133	20190101
1647	pinduoduo	5	0	5500	1.2	1	hzwzm14600cfa186	20190101
1648	jd	5	0	4200	2.2	2	ywwhg14494ehx169	20190101
1649	baojie	5	0	7900	3.1	1	yyfzx14455ycz167	20190101
1650	lv	15	3	2400	1.1	2	mzddy14386afg178	20190101
1651	chanel	15	2	7300	1.1	1	yyadf13927zhm151	20190101
1652	microsoft	5	0	3600	1.2	1	hyafa15699xxy131	20190101
1653	maotai	15	5	1100	1.2	1	ehgwx14015fhh143	20190101
1654	huawei	15	5	7300	1.2	2	ccxdx13819dfh124	20190101
1655	chanel	5	0	1900	5.1	1	hxxyf15786yfz193	20190101
1656	lv	15	2	2200	2.2	2	hymhe15720hfw154	20190101
1657	xiaomi	15	1	9200	1.2	1	aewcx14125gcd159	20190101
1658	baojie	15	3	1600	2.2	1	czmwy15058xay193	20190101
1659	huawei	15	5	8200	2.1	1	yffgf14995xyg130	20190101
1660	apple	5	0	9100	2.2	2	xgyyg14363zdx151	20190101
1661	pinduoduo	15	4	2600	1.2	1	xzmhz14093yxh166	20190101
1662	chanel	5	0	3000	3.1	2	dfgyz15635dmy145	20190101
1663	microsoft	5	0	6400	2.1	2	dgdmx14580aeh176	20190101
1664	lv	5	0	4200	3.1	1	cmeey15490fyh147	20190101
1665	apple	15	2	3000	2.2	1	gfcaz14775mah139	20190101
1666	apple	15	5	5200	1.1	1	hycex14332fgf186	20190101
1667	baojie	15	5	3600	2.1	1	zycag15487emx191	20190101
1668	maotai	5	0	4900	1.1	2	ggyyx14325yxc136	20190101
1669	microsoft	5	0	3300	4.1	2	gcaza14150xzg149	20190101
1670	chanel	5	0	1100	5.1	1	zecaw15103gfz161	20190101
1671	pinduoduo	15	3	1900	1.2	1	wzdgf15293xea128	20190101
1672	chanel	15	3	4500	1.1	1	xaweg15387ffw120	20190101
1673	microsoft	15	6	1000	2.2	1	zwdaa13881whw190	20190101
1674	pinduoduo	15	6	8200	1.2	1	hfgym15337cwf180	20190101
1675	pinduoduo	5	0	9000	2.1	1	zegcy15072exm191	20190101
1676	maotai	15	2	7300	1.1	1	dwzfd14450cde128	20190101
1677	baojie	15	5	7700	2.2	2	xhffm14986fxa133	20190101
1678	microsoft	5	0	9000	6.1	1	cehgy15444yme150	20190101
1679	chanel	5	0	8200	4.1	1	dxfax15647ggz188	20190101
1680	microsoft	5	0	7700	2.2	1	yyyfh14126wdg139	20190101
1681	jd	5	0	7700	4.1	1	azeez13828cxc174	20190101
1682	chanel	15	4	0000	1.2	1	wcfff15642ymz121	20190101
1683	xiaomi	5	0	7300	2.1	1	ywaem15170xgy180	20190101
1684	pinduoduo	5	0	8800	4.1	1	dxaga13871ycz127	20190101
1685	huawei	5	0	2400	2.1	1	gefdz14460hcx123	20190101
1686	maotai	15	2	2900	2.1	2	gdach15400hew159	20190101
1687	microsoft	5	0	3900	5.1	1	mefdy14314emg176	20190101
1688	microsoft	5	0	3600	2.2	2	dxaga13871ycz127	20190101
1689	huawei	15	5	8500	2.2	1	mfwgg15752czw140	20190101
1690	lv	15	2	5500	1.1	1	wmccx14677mxw177	20190101
1691	pinduoduo	15	1	2900	1.2	1	dfgyz15635dmy145	20190101
1692	chanel	5	0	1100	3.1	1	mefah15177gew126	20190101
1693	maotai	5	0	4900	1.1	1	zhyxf14787zmx163	20190101
1694	lv	5	0	1900	6.1	1	zegcy15072exm191	20190101
1695	xiaomi	15	5	7300	1.2	1	yfham14784zcc191	20190101
1696	chanel	5	0	4900	3.1	1	mexzg14577hcz166	20190101
1697	apple	15	2	5800	1.1	2	mhcwm14516hhx174	20190101
1698	microsoft	5	0	3900	6.1	2	fxgca14294czf137	20190101
1699	maotai	15	3	8200	1.1	2	whawh15590czc168	20190101
1700	lv	5	0	4200	1.1	2	xcyam15396aex148	20190101
1701	lv	15	6	8500	1.1	1	cheww14964hmy144	20190101
1702	huawei	15	5	1100	2.2	1	yydgy14974ayx146	20190101
1703	jd	5	0	3600	3.1	2	xhazg14736wey177	20190101
1704	pinduoduo	15	2	6100	2.2	1	eeamx15505xmx148	20190101
1705	huawei	15	3	6400	1.2	1	dfgyz15635dmy145	20190101
1706	microsoft	5	0	3000	1.2	2	zyxda15787ehc127	20190101
1707	chanel	15	3	1100	1.2	2	zazez14440xzz160	20190101
1708	pinduoduo	15	5	5800	2.2	2	axhfc15365zch166	20190101
1709	xiaomi	5	0	6500	4.1	1	aheef15156emy158	20190101
1710	apple	5	0	9100	1.1	2	fhmmw14608hhy167	20190101
1711	baojie	5	0	1200	6.1	1	xwzfy15453cgg119	20190101
1712	lv	15	5	6500	2.2	1	yyyfh14126wdg139	20190101
1713	chanel	15	2	3600	1.2	1	ahdde14627hzm163	20190101
1714	apple	15	2	8700	2.2	2	exaeh15269edm140	20190101
1715	huawei	5	0	5800	5.1	1	myxwc15594myw139	20190101
1716	apple	15	4	9200	1.1	1	wcdxw15261few144	20190101
1717	chanel	15	5	3300	2.1	1	mxyyc14382efx151	20190101
1718	microsoft	5	0	3900	1.2	1	zzezm15774cxy150	20190101
1719	baojie	5	0	6500	6.1	1	zcfdz14009dzx155	20190101
1720	microsoft	15	1	8500	2.2	1	mdyzd14568mfe136	20190101
1721	pinduoduo	5	0	5800	1.2	1	ccxyx14766wae132	20190101
1722	jd	15	5	3000	2.1	1	yhadf13819gyy130	20190101
1723	maotai	5	0	1100	1.1	1	zdzyg13937hwc165	20190101
1724	lv	5	0	4500	6.1	2	xwzfy15453cgg119	20190101
1725	lv	15	1	6500	1.1	1	ymafe14775aam181	20190101
1726	chanel	5	0	7000	5.1	1	mxdeh15574xch153	20190101
1727	chanel	15	3	8700	2.1	2	egxyx14003wym131	20190101
1728	apple	15	1	9200	2.1	2	xhgmh14890dzx181	20190101
1729	microsoft	5	0	8700	2.2	2	hahgf15752fah163	20190101
1730	chanel	15	3	6400	2.2	1	fzhdg14717had164	20190101
1731	microsoft	5	0	6100	1.1	1	cdwwm14702cey140	20190101
1732	microsoft	5	0	5800	5.1	1	ezdwm14948dym187	20190101
1733	jd	15	6	8500	2.2	1	xzzwa14390zme134	20190101
1734	huawei	5	0	9000	1.1	2	agzmy15500hmc128	20190101
1735	apple	5	0	7700	6.1	1	hydda15034xee173	20190101
1736	xiaomi	15	5	5200	1.1	1	xcxcz14202fhx179	20190101
1737	pinduoduo	15	5	5500	1.1	1	fxmwa14556wfz129	20190101
1738	pinduoduo	15	6	1600	1.2	1	dyxdc14672zhg154	20190101
1739	lv	5	0	6500	6.1	1	egzez14761ccx172	20190101
1740	chanel	5	0	2200	4.1	1	wmzye15532eah141	20190101
1741	huawei	5	0	1600	2.1	1	xzzwa14390zme134	20190101
1742	apple	15	1	4900	1.1	1	hydda15034xee173	20190101
1743	maotai	15	5	2200	2.1	1	yxfcy14269zyf137	20190101
1744	huawei	5	0	8800	2.2	2	yhgfe14608xmh151	20190101
1745	microsoft	5	0	1200	2.2	2	xfgym15000ezd135	20190101
1746	pinduoduo	15	4	6500	2.1	1	eaeac15129xgx128	20190101
1747	baojie	15	1	3300	2.2	2	ccxed14678hyz180	20190101
1748	jd	15	6	3900	1.1	1	zyxda15787ehc127	20190101
1749	chanel	15	5	4500	2.2	1	xcmda15588xhf148	20190101
1750	jd	15	5	1900	1.2	1	wmadc15275wcy186	20190101
1751	pinduoduo	15	3	4900	2.1	1	zwamw14575cmm173	20190101
1752	maotai	15	1	7700	2.2	1	zghyw15434xax129	20190101
1753	microsoft	15	1	8200	2.1	1	zmdcf14791ceh181	20190101
1754	huawei	15	1	0000	1.2	1	zczgw15421fcf120	20190101
1755	xiaomi	15	6	5800	1.2	2	dcxgy15734cag161	20190101
1756	maotai	5	0	6400	2.2	2	hyfdh14454yex139	20190101
1757	apple	15	6	1900	2.1	2	zczgw15421fcf120	20190101
1758	lv	15	4	1100	1.1	1	gfmyy15399dcm181	20190101
1759	apple	15	2	5800	1.2	1	cccya15654zzg189	20190101
1760	baojie	5	0	3600	2.2	1	exfzm14257axx138	20190101
1761	maotai	5	0	6100	6.1	1	meefc14359gaz145	20190101
1762	apple	15	4	3900	2.2	2	hyeyd15311aha189	20190101
1763	baojie	15	6	6400	2.1	1	exxcg15770hcm157	20190101
1764	microsoft	15	2	4200	2.1	1	dzcmg15442mzm152	20190101
1765	lv	15	5	2900	1.2	1	dgdmx14580aeh176	20190101
1766	baojie	15	6	4200	1.1	1	dgwxy13855cyc181	20190101
1767	lv	15	4	6500	1.2	2	eahmm14662ffe124	20190101
1768	baojie	15	6	1200	1.2	1	yxfed15657xyw172	20190101
1769	pinduoduo	15	4	6100	1.1	1	mzddy14386afg178	20190101
1770	baojie	15	1	7700	1.2	1	cfzwc14596eax164	20190101
1771	jd	5	0	8200	1.1	1	ehxfm15121eac188	20190101
1772	pinduoduo	15	1	9000	1.2	2	zggxg15358xcw191	20190101
1773	maotai	15	4	1200	2.2	1	xdhyc15241awy150	20190101
1774	jd	15	5	7300	2.2	1	fxzym14108ewz123	20190101
1775	lv	5	0	4200	3.1	1	yffww14373ezg154	20190101
1776	microsoft	15	4	2600	2.2	2	yafdx15439xgh195	20190101
1777	chanel	5	0	7300	1.2	1	fmweg14154ymg136	20190101
1778	baojie	15	4	4200	2.2	1	ehgwx14015fhh143	20190101
1779	chanel	5	0	3300	5.1	2	cehgy15444yme150	20190101
1780	lv	15	6	1900	1.1	1	gyaag14248xcg190	20190101
1781	lv	5	0	7700	4.1	1	wxcda14760zmx193	20190101
1782	pinduoduo	15	6	5200	1.1	1	hxwgg14255exm158	20190101
1783	maotai	5	0	9200	5.1	2	fedad14913hgx147	20190101
1784	jd	5	0	8500	4.1	1	xfffc15659xey172	20190101
1785	apple	5	0	2400	1.2	1	hfgym15337cwf180	20190101
1786	maotai	15	3	4200	2.1	1	yhgfe14608xmh151	20190101
1787	huawei	5	0	6400	1.1	1	cachc14755xce127	20190101
1788	jd	5	0	9000	3.1	1	xhazg14736wey177	20190101
1789	xiaomi	5	0	3000	2.1	1	czmwy15058xay193	20190101
1790	jd	5	0	8800	6.1	2	dzxwm13802mdf168	20190101
1791	lv	15	6	9200	2.2	2	mheac15549xyx151	20190101
1792	jd	15	3	4200	1.1	1	hyfdh14454yex139	20190101
1793	baojie	15	4	2200	1.1	1	mycge14785mfz131	20190101
1794	jd	15	3	5500	1.2	2	yxmgx14588yha183	20190101
1795	baojie	15	5	9200	1.2	1	ghwcg14911xmm173	20190101
1796	pinduoduo	15	5	5500	2.1	2	zewew14847gwx143	20190101
1797	apple	15	6	7700	1.2	1	xydzx14349wxg138	20190101
1798	huawei	15	1	2600	2.2	1	mxyyc14382efx151	20190101
1799	jd	5	0	5800	1.1	2	cmeey15490fyh147	20190101
1800	chanel	5	0	7000	5.1	2	egzez14761ccx172	20190101
1801	microsoft	5	0	6500	3.1	2	mfhcc14293zfy192	20190101
1802	chanel	5	0	4200	2.2	2	yxfcy14269zyf137	20190101
1803	jd	5	0	5800	1.1	2	dyxaa15827fzh122	20190101
1804	xiaomi	15	6	1200	1.2	1	wyzxz14950xfm181	20190101
1805	xiaomi	5	0	2600	5.1	1	ayyfx15449fze184	20190101
1806	lv	15	2	1200	2.1	2	xzcwx15298dfm140	20190101
1807	baojie	5	0	6400	5.1	2	fdgyg15342gay125	20190101
1808	jd	5	0	1600	1.1	1	mycge14785mfz131	20190101
1809	pinduoduo	15	2	2600	1.1	1	dfggw14795xex117	20190101
1810	xiaomi	15	1	6400	1.1	1	xcgzw15791fzc127	20190101
1811	huawei	15	4	7900	1.1	2	afcyy14737hzx125	20190101
1812	huawei	5	0	6400	4.1	2	cgmeh14601wyg152	20190101
1813	chanel	15	5	3900	2.1	2	myxwc15594myw139	20190101
1814	jd	5	0	5200	6.1	1	gxmwe14078myf193	20190101
1815	lv	5	0	4500	4.1	1	fxhxe15152hae177	20190101
1816	jd	15	6	4200	2.1	1	gxmwe14078myf193	20190101
1817	microsoft	5	0	9200	4.1	1	zyfcz15579zdg124	20190101
1818	xiaomi	5	0	1200	4.1	1	ggwhx14778gyc163	20190101
1819	jd	15	5	8200	1.2	1	azeez13828cxc174	20190101
1820	pinduoduo	5	0	2200	6.1	1	whwmz15537gmz187	20190101
1821	xiaomi	5	0	7000	6.1	1	wgmfd15472adw151	20190101
1822	huawei	15	6	8800	1.1	1	yezhf14693xca174	20190101
1823	apple	15	1	7300	2.2	1	yahaw14903acy147	20190101
1824	pinduoduo	15	4	4900	1.2	1	cachc14755xce127	20190101
1825	jd	15	5	1200	1.1	2	cheww14964hmy144	20190101
1826	pinduoduo	15	6	3300	1.2	2	wfadm15144mmm164	20190101
1827	baojie	5	0	6500	1.1	1	hzwme15279xyx161	20190101
1828	chanel	5	0	1200	1.2	2	deecf15293dgh190	20190101
1829	pinduoduo	5	0	3900	3.1	1	ycmfh14227xez159	20190101
1830	apple	5	0	5200	4.1	2	ezwch13893fdx148	20190101
1831	apple	5	0	2200	2.2	1	hgwez15208fzf187	20190101
1832	apple	5	0	1000	1.2	1	dhmfe15567yey122	20190101
1833	maotai	5	0	7900	6.1	2	zcmgf15594mfm117	20190101
1834	microsoft	15	2	3300	1.1	1	mfhcc14293zfy192	20190101
1835	huawei	5	0	3600	4.1	2	ycwgc15167zcx130	20190101
1836	jd	15	6	7300	2.2	1	xzdyw14528mam157	20190101
1837	microsoft	5	0	2400	1.2	1	azeez13828cxc174	20190101
1838	pinduoduo	15	6	6400	2.1	1	xdexc15541yzm138	20190101
1839	huawei	15	4	8200	2.1	1	zwdaa13881whw190	20190101
1840	lv	15	5	6400	2.1	2	ayyfx15449fze184	20190101
1841	chanel	15	5	7000	1.2	1	cccya15654zzg189	20190101
1842	pinduoduo	15	6	4200	2.2	1	wxhgh13797wfh172	20190101
1843	apple	5	0	6500	1.1	1	fczdc14471hzm122	20190101
1844	maotai	15	5	7000	2.2	1	ggcwc14589faz125	20190101
1845	jd	5	0	3600	1.1	1	cdwwm14702cey140	20190101
1846	pinduoduo	5	0	3600	6.1	2	eeamx15505xmx148	20190101
1847	xiaomi	5	0	3600	4.1	2	fhaac14791mfc180	20190101
1848	jd	15	4	2200	1.1	2	agwwc14964hzg172	20190101
1849	huawei	15	3	9100	1.1	2	faheg14272mcm172	20190101
1850	baojie	5	0	7900	6.1	1	hxxff13797cxe151	20190101
1851	jd	15	2	6500	1.1	1	hwwcf14609caf127	20190101
1852	pinduoduo	15	1	8800	2.2	1	yhadf13819gyy130	20190101
1853	apple	15	3	4500	1.1	1	gefdz14460hcx123	20190101
1854	maotai	5	0	7000	1.2	1	ygaya14740ezg163	20190101
1855	jd	15	5	1600	2.1	1	gfhha13933axg121	20190101
1856	apple	15	4	1600	2.2	1	ygyda13924wxh180	20190101
1857	apple	15	2	9200	2.2	1	fghxw14827hmd185	20190101
1858	baojie	15	3	8700	1.2	1	zhcze15285fax130	20190101
1859	xiaomi	5	0	1600	5.1	2	wxdfa15666acz139	20190101
1860	pinduoduo	15	5	3300	2.1	1	dzcmg15442mzm152	20190101
1861	jd	15	5	7000	1.1	1	zwamw14575cmm173	20190101
1862	pinduoduo	15	3	1600	2.2	1	xmdya13891mwh167	20190101
1863	microsoft	5	0	8800	5.1	2	awdda14416acz163	20190101
1864	baojie	15	6	7900	1.2	1	wycyd15074dhm148	20190101
1865	huawei	5	0	3300	5.1	2	hzwzm14600cfa186	20190101
1866	microsoft	15	6	6500	1.1	1	fyhmd15090ywg155	20190101
1867	chanel	5	0	9100	2.1	1	zfyfz13955yhz129	20190101
1868	microsoft	5	0	9000	1.1	1	weghx13838mme152	20190101
1869	chanel	5	0	1900	2.2	1	waggx15140gae118	20190101
1870	jd	5	0	4200	1.2	1	ehxhf15434zez136	20190101
1871	maotai	15	3	2900	1.2	2	hydww15654gxh139	20190101
1872	chanel	15	2	2900	2.1	1	ycwgc15167zcx130	20190101
1873	baojie	5	0	4500	1.2	1	xgmcm13969hfg169	20190101
1874	lv	15	4	6100	1.1	1	hyafa15699xxy131	20190101
1875	baojie	15	4	4900	1.2	1	xhfez14890wac136	20190101
1876	jd	15	3	2600	2.1	1	zazez14440xzz160	20190101
1877	maotai	15	6	7900	2.2	2	ccmhh15288xgw174	20190101
1878	microsoft	5	0	8200	4.1	1	hahdw15165dcc146	20190101
1879	lv	15	6	1900	2.1	1	zzezm15774cxy150	20190101
1880	apple	5	0	4900	2.1	1	mefdy14314emg176	20190101
1881	lv	5	0	6500	2.2	1	zmhxx14132wyz132	20190101
1882	xiaomi	15	4	8800	1.1	2	ygcgw15470hee195	20190101
1883	lv	5	0	4900	6.1	1	zefhf15282yyc164	20190101
1884	huawei	15	3	6100	1.1	2	xffhd15798mhg189	20190101
1885	maotai	15	1	7000	1.1	2	hahcw15182mdh133	20190101
1886	jd	15	5	4500	1.2	1	zfwdc15342fdc150	20190101
1887	microsoft	5	0	1000	6.1	1	hymhe15720hfw154	20190101
1888	xiaomi	15	2	9200	1.1	1	mczzc15799adf119	20190101
1889	chanel	5	0	8700	4.1	1	mwcfz14110wfc192	20190101
1890	maotai	5	0	1100	3.1	2	yffww14373ezg154	20190101
1891	apple	15	5	7300	2.1	1	hahgf15752fah163	20190101
1892	lv	15	2	1900	1.1	1	zzezm15774cxy150	20190101
1893	chanel	15	3	9000	2.2	1	gzmce15331mdx173	20190101
1894	jd	5	0	9200	2.2	1	fhaac14791mfc180	20190101
1895	pinduoduo	5	0	5200	1.1	1	dagdd13911cmh192	20190101
1896	lv	5	0	1200	1.1	2	mhdmy15572gag136	20190101
1897	baojie	5	0	1900	1.2	1	wfefx15171wxx136	20190101
1898	huawei	15	4	9000	1.1	1	gcafg14329fyx136	20190101
1899	chanel	15	2	2600	2.1	1	ygcgw15470hee195	20190101
1900	lv	15	2	7700	1.2	2	ehgwx14015fhh143	20190101
1901	pinduoduo	15	6	9200	2.1	2	yxfmz15065cmm130	20190101
1902	baojie	15	2	8700	2.1	1	xaweg15387ffw120	20190101
1903	huawei	15	5	4900	1.2	2	gymcg14203xme122	20190101
1904	maotai	15	1	7900	2.2	1	hefgc15361geg195	20190101
1905	pinduoduo	5	0	8500	1.2	2	mwcfz14110wfc192	20190101
1906	xiaomi	5	0	9100	5.1	2	mxmam15320aea151	20190101
1907	apple	5	0	5200	5.1	1	hydda15034xee173	20190101
1908	lv	5	0	9000	6.1	1	cgzya13846xce141	20190101
1909	jd	15	1	1100	1.1	1	wxmec13823dzz177	20190101
1910	pinduoduo	5	0	4200	3.1	1	xzzwa14390zme134	20190101
1911	microsoft	5	0	7900	1.2	1	caamc14943hcf127	20190101
1912	maotai	15	6	8200	2.2	1	faheg14272mcm172	20190101
1913	pinduoduo	5	0	2400	2.1	1	cfhhe15158fdm126	20190101
1914	huawei	5	0	2900	3.1	1	hzwme15279xyx161	20190101
1915	jd	15	4	7900	2.2	1	zwdwg15548ghx147	20190101
1916	lv	5	0	8700	1.1	1	mxdeh15574xch153	20190101
1917	lv	15	4	7000	2.1	1	mmehf14331zwd138	20190101
1918	huawei	15	4	2900	2.1	1	egwgz14569hez117	20190101
1919	lv	15	5	4500	1.1	2	wwcef14899xwh138	20190101
1920	maotai	5	0	3600	6.1	1	wcfff15642ymz121	20190101
1921	lv	15	2	3900	2.2	1	xcyam15396aex148	20190101
1922	huawei	5	0	5800	1.1	1	deeda14947afc179	20190101
1923	pinduoduo	15	6	9100	2.2	2	hfgym15337cwf180	20190101
1924	chanel	5	0	2200	4.1	1	dmccc15697fff137	20190101
1925	pinduoduo	15	5	7000	1.2	1	hzwzm14600cfa186	20190101
1926	chanel	5	0	0000	2.1	1	mexzg14577hcz166	20190101
1927	apple	5	0	3900	2.1	2	ggche14913fam171	20190101
1928	huawei	5	0	2600	3.1	1	cmexz13938gae159	20190101
1929	xiaomi	5	0	6400	5.1	2	dwhzm15824fac130	20190101
1930	lv	15	5	4500	2.2	2	ycwfx14649mze125	20190101
1931	lv	15	4	5500	1.2	1	yahaw14903acy147	20190101
1932	huawei	5	0	6500	2.1	1	wxmec13823dzz177	20190101
1933	pinduoduo	15	4	8700	1.2	2	fhmmw14608hhy167	20190101
1934	apple	15	6	3600	2.1	1	fxmwa14556wfz129	20190101
1935	microsoft	5	0	8700	3.1	1	zhxhc15195gww194	20190101
1936	maotai	5	0	8800	1.1	1	ecwhc13891fmw190	20190101
1937	pinduoduo	5	0	8200	2.1	1	xhfhh15730mwy117	20190101
1938	microsoft	15	4	9200	2.2	2	exazf14886gae185	20190101
1939	maotai	5	0	2900	5.1	1	myxwc15594myw139	20190101
1940	huawei	15	4	8700	1.1	1	gmfcw14393hwc126	20190101
1941	apple	15	6	6500	1.1	2	fegcg14829wdc143	20190101
1942	lv	15	5	0000	1.2	1	dgdem15332hee118	20190101
1943	baojie	15	4	7000	1.2	1	xaxgw15522hez128	20190101
1944	baojie	15	6	3600	2.1	2	ywaem15170xgy180	20190101
1945	maotai	15	3	1100	2.1	2	fazee15433gyf120	20190101
1946	lv	15	4	8500	2.2	1	dhmfe15567yey122	20190101
1947	huawei	15	1	4900	2.2	1	ddydm15305ege184	20190101
1948	baojie	15	3	6500	2.2	1	fafyw14852cwc179	20190101
1949	pinduoduo	15	3	6500	1.2	2	dygxc14669wah127	20190101
1950	microsoft	5	0	5800	5.1	1	yehca15660yey171	20190101
1951	jd	15	4	7700	2.2	2	ehgwx14015fhh143	20190101
1952	chanel	15	6	2200	1.2	1	exazf14886gae185	20190101
1953	baojie	15	3	8700	2.1	1	mxyyc14382efx151	20190101
1954	xiaomi	5	0	5200	2.1	1	cmexz13938gae159	20190101
1955	lv	5	0	8800	1.1	2	dmwca15439zad179	20190101
1956	huawei	15	6	9200	1.2	2	zeyfz14283ymf137	20190101
1957	huawei	15	6	8700	2.1	1	yxhya15462eza138	20190101
1958	lv	5	0	8500	1.1	1	zmzhg14187dgd123	20190101
1959	microsoft	5	0	8700	2.2	2	zzezm15774cxy150	20190101
1960	maotai	5	0	4500	4.1	1	ymxhd15393zya141	20190101
1961	chanel	5	0	4900	1.2	2	wgcfg15450maa133	20190101
1962	huawei	15	1	0000	1.1	1	aeyfa14067dzg164	20190101
1963	maotai	15	4	2400	2.1	1	xmfed15717ezx143	20190101
1964	lv	15	6	7000	1.1	1	xwwme14938zyx124	20190101
1965	chanel	5	0	4500	1.1	1	ycwgc15167zcx130	20190101
1966	jd	15	1	3900	1.1	2	hgaem14061ghw163	20190101
1967	apple	5	0	3000	2.2	1	yafdx15439xgh195	20190101
1968	baojie	15	5	4500	1.1	1	emade14574fxa163	20190101
1969	microsoft	15	3	2900	1.1	2	mhcwm14516hhx174	20190101
1970	pinduoduo	15	3	7700	2.1	1	mwhya14905ddc122	20190101
1971	xiaomi	15	2	5800	1.1	1	aewzg14910azz170	20190101
1972	lv	15	2	4200	1.1	1	hyeyd15311aha189	20190101
1973	pinduoduo	15	2	7700	2.2	1	aewzg14910azz170	20190101
1974	lv	15	5	8500	2.1	1	egwgz14569hez117	20190101
1975	lv	15	2	9100	2.2	1	fxxge13848fem131	20190101
1976	jd	15	1	7700	2.2	2	wfeda15458cya145	20190101
1977	huawei	5	0	1200	4.1	1	gwygh14746wdd123	20190101
1978	maotai	15	2	4500	1.2	1	deeda14947afc179	20190101
1979	xiaomi	15	5	7900	2.2	2	ddxgd15507gdg127	20190101
1980	jd	15	2	2600	2.2	1	mhdmh15260edy145	20190101
1981	xiaomi	5	0	9100	1.2	1	yxhya15462eza138	20190101
1982	chanel	5	0	6500	1.1	2	ehxhf15434zez136	20190101
1983	lv	5	0	7000	5.1	1	hgwez15208fzf187	20190101
1984	microsoft	15	2	1100	1.1	2	yfazh13844wcz170	20190101
1985	apple	5	0	6500	6.1	2	hydww15654gxh139	20190101
1986	microsoft	15	2	9200	1.2	1	mxdeh15574xch153	20190101
1987	baojie	5	0	6400	1.1	1	cezyc14395cme147	20190101
1988	pinduoduo	15	6	6400	1.1	1	yehca15660yey171	20190101
1989	xiaomi	15	6	8200	1.2	1	yxmgx14588yha183	20190101
1990	maotai	5	0	5800	2.2	2	xdhyc15241awy150	20190101
1991	maotai	5	0	5800	6.1	1	demzd14840ymc141	20190101
1992	jd	5	0	6500	2.2	2	dwcwe14910fda138	20190101
1993	apple	5	0	8700	4.1	1	hxwgg14255exm158	20190101
1994	jd	5	0	4900	4.1	1	zadxh14747agz191	20190101
1995	lv	15	4	7300	1.2	1	hwway13965zaw147	20190101
1996	chanel	15	5	6500	1.2	1	wxmec13823dzz177	20190101
1997	jd	5	0	8500	2.2	1	xaweg15387ffw120	20190101
1998	apple	5	0	8700	5.1	1	gxmwe14078myf193	20190101
1999	pinduoduo	5	0	2400	2.2	1	xwzfy15453cgg119	20190101
2000	huawei	15	5	2200	1.1	1	cezyc14395cme147	20190101
2001	microsoft	5	0	7700	4.1	1	cweec15676zha156	20190101
2002	maotai	15	3	1600	2.2	1	exayw14901ffc154	20190101
2003	apple	15	4	4200	2.1	1	ggcwc14589faz125	20190101
2004	huawei	5	0	3600	2.2	1	hmygd13975xmm129	20190101
2005	chanel	5	0	5500	5.1	2	mfwgg15752czw140	20190101
2006	jd	15	1	3600	2.1	1	mxzwm15654fmz176	20190101
2007	chanel	5	0	1000	1.2	2	zchde14085gaf186	20190101
2008	jd	15	1	8200	1.1	2	gcaza14150xzg149	20190101
2009	jd	15	3	9000	1.2	1	fhmmw14608hhy167	20190101
2010	jd	15	4	7000	2.1	1	dwyga15311dch173	20190101
2011	baojie	5	0	5800	6.1	1	mymge14078dmf150	20190101
2012	xiaomi	5	0	4900	2.1	1	gfwdy14839mhe187	20190101
2013	lv	15	3	6100	1.2	1	wycyd15074dhm148	20190101
2014	lv	15	1	4900	1.2	2	wyxha13845wzm128	20190101
2015	lv	5	0	8500	2.2	1	fazee15433gyf120	20190101
2016	baojie	15	4	7300	2.2	1	hfaag14177yyc129	20190101
2017	pinduoduo	5	0	7300	1.1	2	yzxem15251awc172	20190101
2018	xiaomi	15	5	7700	1.1	1	yehhe15554dez144	20190101
2019	huawei	15	1	2600	1.2	1	azeez13828cxc174	20190101
2020	apple	15	2	6100	1.1	1	mxfzf14018ceh166	20190101
2021	jd	5	0	6500	2.1	2	xwzfy15453cgg119	20190101
2022	apple	15	4	6400	1.2	1	dyxch14175yaf154	20190101
2023	microsoft	5	0	2200	1.2	1	dwgcx14610xfa176	20190101
2024	jd	5	0	6500	1.2	1	gfwdy14839mhe187	20190101
2025	lv	15	6	8700	1.1	2	zzezm15774cxy150	20190101
2026	pinduoduo	5	0	1000	1.1	1	zdxxa15303gmx173	20190101
2027	xiaomi	5	0	9100	2.2	1	ehgwx14015fhh143	20190101
2028	huawei	15	2	7700	2.2	1	cheee14936cxy190	20190101
2029	jd	5	0	3900	5.1	1	ghxfd15540eyh121	20190101
2030	apple	15	3	9000	1.1	1	cweec15676zha156	20190101
2031	maotai	15	5	1200	1.1	1	gxcax14512wwa169	20190101
2032	microsoft	5	0	2900	1.1	1	zwgyg13846ecc144	20190101
2033	microsoft	15	6	1000	1.1	1	yfexm14230cax155	20190101
2034	lv	15	5	7900	2.1	2	zfwdc15342fdc150	20190101
2035	apple	5	0	7000	5.1	2	wggwa15207fgw186	20190101
2036	jd	5	0	0000	1.2	1	agxfe14230fza195	20190101
2037	microsoft	5	0	6500	6.1	2	mhxdg15485ezy148	20190101
2038	pinduoduo	5	0	6400	2.1	2	gwygh14746wdd123	20190101
2039	maotai	5	0	8500	5.1	1	exyce14010ddw153	20190101
2040	lv	5	0	9200	6.1	1	mgxag14968cym153	20190101
2041	baojie	15	3	3600	2.1	1	yhwdy15288ceg170	20190101
2042	apple	5	0	2400	2.1	2	hzzzc14748eya168	20190101
2043	apple	5	0	4900	6.1	1	ccxyx14766wae132	20190101
2044	maotai	5	0	8500	2.1	1	wyazx14106yem142	20190101
2045	maotai	15	3	5500	1.1	1	xcyxg14537ezh178	20190101
2046	jd	5	0	3900	6.1	2	hyfdh14454yex139	20190101
2047	maotai	15	1	6500	1.2	2	ezyhw15732ccw180	20190101
2048	lv	5	0	5800	6.1	2	ezwch13893fdx148	20190101
2049	xiaomi	5	0	7000	6.1	2	ggxyc15659xfh134	20190101
2050	microsoft	15	1	5800	1.1	1	zdzyg13937hwc165	20190101
2051	maotai	5	0	9100	1.2	2	mefdy14314emg176	20190101
2052	huawei	15	4	5200	1.1	1	acfxg14283zma168	20190101
2053	microsoft	5	0	8800	2.1	1	ygagh14839ezx131	20190101
2054	jd	15	4	1000	2.2	1	cymhm14132amd150	20190101
2055	xiaomi	15	6	8800	2.2	2	cheww14964hmy144	20190101
2056	maotai	15	5	1600	1.2	1	zyxda15787ehc127	20190101
2057	pinduoduo	15	5	7000	1.1	1	yxfmz15065cmm130	20190101
2058	lv	15	2	1600	2.1	1	yhadf13819gyy130	20190101
2059	baojie	15	3	1900	1.2	1	ggyyx14325yxc136	20190101
2060	microsoft	15	4	9000	1.1	1	hwmem15230ggh188	20190101
2061	huawei	15	6	1900	2.2	1	cdxcz14824dmh187	20190101
2062	xiaomi	15	1	5200	1.1	2	mheac15549xyx151	20190101
2063	xiaomi	15	3	2900	1.1	1	cfzwc14596eax164	20190101
2064	huawei	5	0	1200	6.1	1	xwwme14938zyx124	20190101
2065	apple	15	1	3000	2.2	1	weagc15787geg180	20190101
2066	jd	5	0	1100	2.1	1	xamye14478wmx135	20190101
2067	chanel	15	5	3900	1.1	1	eyyfm14318awf186	20190101
2068	lv	15	3	0000	1.2	2	fczzh15220cam195	20190101
2069	xiaomi	5	0	2600	2.1	1	facde15694yyw157	20190101
2070	chanel	5	0	6100	1.1	1	yyadf13927zhm151	20190101
2071	huawei	15	3	1200	1.2	2	gggyh15344ggz122	20190101
2072	huawei	5	0	1600	2.1	1	medxe13957ayy146	20190101
2073	apple	5	0	8700	1.1	1	dhgfe14725dmz182	20190101
2074	jd	5	0	1000	1.2	1	dxzyy15244yag120	20190101
2075	xiaomi	5	0	8500	2.2	1	fymyh13969cmz183	20190101
2076	xiaomi	15	5	3900	2.1	2	hgwfm14913eeg176	20190101
2077	pinduoduo	15	2	3000	2.1	1	wzcxm14330cmw192	20190101
2078	microsoft	5	0	8800	2.1	2	gwdgm15459cmw122	20190101
2079	baojie	15	1	1600	2.2	1	gddwe14223mmm180	20190101
2080	apple	15	4	3900	2.2	2	ywhfd14830fey125	20190101
2081	maotai	5	0	8800	6.1	1	ehxhf15434zez136	20190101
2082	baojie	5	0	2900	1.2	2	mhazf15667dge161	20190101
2083	microsoft	15	2	7000	2.2	2	ehwwa14039xem162	20190101
2084	huawei	15	3	1900	1.2	1	chfcd15281azx176	20190101
2085	lv	15	4	6400	2.2	1	mhxdg15485ezy148	20190101
2086	apple	5	0	6100	5.1	1	ahdde14627hzm163	20190101
2087	microsoft	5	0	1900	5.1	2	fxmwa14556wfz129	20190101
2088	microsoft	5	0	7000	2.1	2	zczgw15421fcf120	20190101
2089	pinduoduo	5	0	1100	1.1	1	dffag15471yzy179	20190101
2090	maotai	5	0	2900	2.2	2	ccxed14678hyz180	20190101
2091	huawei	5	0	3600	1.2	1	czmec14753fwx190	20190101
2092	pinduoduo	15	5	3900	1.2	1	hmaww14851eyd192	20190101
2093	xiaomi	5	0	6100	2.2	1	aywde14550feg131	20190101
2094	chanel	15	3	4500	1.2	2	egzze15004mgg185	20190101
2095	microsoft	15	6	2200	1.1	2	wgwww13912xcw146	20190101
2096	maotai	5	0	8500	1.2	1	dwcwe14910fda138	20190101
2097	jd	15	5	9000	1.2	1	mhcwm14516hhx174	20190101
2098	lv	15	6	2600	1.2	1	mefde15736ahg161	20190101
2099	maotai	5	0	9000	3.1	2	ehxaa14446wag172	20190101
2100	chanel	15	1	1000	1.2	1	mfchx14220wha123	20190101
2101	chanel	5	0	0000	3.1	2	fedad14913hgx147	20190101
2102	xiaomi	5	0	1900	1.2	2	azxea15020meg171	20190101
2103	lv	15	1	5200	1.2	2	mfchx14220wha123	20190101
2104	huawei	15	3	0000	2.1	1	hydww15654gxh139	20190101
2105	pinduoduo	5	0	6500	2.1	1	xygmf14706edg137	20190101
2106	lv	5	0	2900	1.1	1	xwhwg14352zah144	20190101
2107	apple	5	0	9100	3.1	1	ahdde14627hzm163	20190101
2108	huawei	5	0	1900	3.1	2	xgyyg14363zdx151	20190101
2109	chanel	5	0	1900	3.1	2	meefc14359gaz145	20190101
2110	huawei	5	0	5800	1.1	2	yffgf14995xyg130	20190101
2111	lv	15	1	7700	1.1	1	dmfhz14608chm192	20190101
2112	apple	15	1	6500	2.1	1	faheg14272mcm172	20190101
2113	xiaomi	15	6	7700	2.2	1	fwczf14621haz188	20190101
2114	baojie	5	0	5500	6.1	1	mayhe14228agz184	20190101
2115	lv	5	0	3900	2.2	1	hafdy15730wwd169	20190101
2116	xiaomi	15	1	1100	1.1	2	azzxd15073xgw134	20190101
2117	microsoft	5	0	1900	5.1	1	dagdd13911cmh192	20190101
2118	chanel	5	0	7300	2.1	2	hzwzm14600cfa186	20190101
2119	xiaomi	5	0	8700	1.1	1	yxfcy14269zyf137	20190101
2120	chanel	5	0	1000	1.2	1	ezyhw15732ccw180	20190101
2121	xiaomi	15	3	7000	1.2	2	wgcfg15450maa133	20190101
2122	apple	5	0	5800	1.2	2	cchcg14814mzy189	20190101
2123	xiaomi	15	6	1200	2.1	1	gxmwe14078myf193	20190101
2124	baojie	15	4	3900	2.2	2	zhyxf14787zmx163	20190101
2125	lv	15	6	9000	2.1	2	cazdd14069hge175	20190101
2126	lv	5	0	4200	5.1	1	dxfax15647ggz188	20190101
2127	baojie	5	0	8700	3.1	1	wcwww14441xyx124	20190101
2128	huawei	5	0	2400	3.1	1	hdgam14945fxy162	20190101
2129	microsoft	15	4	8700	1.2	1	czmec14753fwx190	20190101
2130	baojie	15	4	1000	1.1	1	cwcdc14371cmf151	20190101
2131	huawei	15	6	7700	2.2	1	aheef15156emy158	20190101
2132	pinduoduo	5	0	8700	4.1	2	xhhzx13827eef195	20190101
2133	xiaomi	5	0	3000	2.2	1	eyyfm14318awf186	20190101
2134	lv	5	0	7900	1.2	2	chfcd15281azx176	20190101
2135	apple	5	0	3300	1.2	2	xyhxg15469fdw154	20190101
2136	lv	5	0	7000	2.2	1	zezze13846xym142	20190101
2137	maotai	15	2	7000	2.1	2	gmfda14840yma158	20190101
2138	maotai	5	0	1100	3.1	1	dfggw14795xex117	20190101
2139	maotai	5	0	3600	1.1	2	efdmh14256eae178	20190101
2140	microsoft	15	2	6500	1.1	1	axhfc15365zch166	20190101
2141	jd	15	3	5500	2.1	1	hxwgg14255exm158	20190101
2142	xiaomi	15	5	3000	2.2	1	gzhxm15067mce136	20190101
2143	microsoft	15	4	1000	2.2	1	cdxcz14824dmh187	20190101
2144	chanel	15	4	6400	1.2	1	fazee15433gyf120	20190101
2145	chanel	5	0	6100	5.1	2	xmdya13891mwh167	20190101
2146	jd	15	6	9000	1.2	2	mxfzf14018ceh166	20190101
2147	chanel	15	6	8200	2.1	2	wyxha13845wzm128	20190101
2148	lv	5	0	1100	2.1	1	ydedd15325meg171	20190101
2149	lv	15	4	2900	2.2	1	dgdem15332hee118	20190101
2150	pinduoduo	5	0	0000	6.1	2	cachc14755xce127	20190101
2151	maotai	15	6	2200	1.2	1	cmeey15490fyh147	20190101
2152	chanel	5	0	9200	5.1	1	efdmh14256eae178	20190101
2153	lv	15	4	2400	1.1	2	waggx15140gae118	20190101
2154	apple	5	0	4500	2.2	2	azzxd15073xgw134	20190101
2155	microsoft	5	0	1600	5.1	1	xcdxa14586fea180	20190101
2156	chanel	5	0	1900	4.1	1	deeda14947afc179	20190101
2157	huawei	15	1	1200	1.1	2	dmccc15697fff137	20190101
2158	maotai	15	5	3300	2.1	1	gmfcw14393hwc126	20190101
2159	baojie	5	0	3300	5.1	2	xzcwx15298dfm140	20190101
2160	huawei	15	5	2900	2.2	2	hzzzc14748eya168	20190101
2161	apple	5	0	3000	2.2	2	ddxgd15507gdg127	20190101
2162	baojie	15	1	9100	2.2	2	ewxgx14407cca124	20190101
2163	huawei	15	5	1600	1.1	1	gymcg14203xme122	20190101
2164	xiaomi	5	0	2200	2.1	2	gzemy15382wgm147	20190101
2165	jd	15	4	2200	2.2	2	gydhc14140cwx156	20190101
2166	xiaomi	5	0	8800	6.1	1	fedad14913hgx147	20190101
2167	microsoft	15	5	8200	2.2	2	gxmxh15227ezc150	20190101
2168	huawei	5	0	8200	3.1	2	gzmce15331mdx173	20190101
2169	chanel	15	4	6500	2.1	1	ywwhg14494ehx169	20190101
2170	chanel	15	1	1900	1.2	2	hyfdh14454yex139	20190101
2171	microsoft	15	3	1600	1.1	1	gxymx14530dca165	20190101
2172	pinduoduo	15	2	4200	2.1	1	yxfcy14269zyf137	20190101
2173	chanel	15	3	8200	2.2	1	ywwhg14494ehx169	20190101
2174	maotai	5	0	5800	4.1	1	ggzdc14600xga167	20190101
2175	jd	5	0	7900	5.1	1	yafgc15695cyy123	20190101
2176	xiaomi	5	0	1100	2.1	2	fhdfm14334yxe146	20190101
2177	chanel	5	0	1000	1.2	2	xamye14478wmx135	20190101
2178	maotai	15	3	8800	2.2	1	gafha14626zcd192	20190101
2179	baojie	5	0	9200	5.1	1	gddwe14223mmm180	20190101
2180	xiaomi	5	0	5200	4.1	2	yehca15660yey171	20190101
2181	huawei	5	0	3300	5.1	1	efdmh14256eae178	20190101
2182	microsoft	15	3	6500	1.2	1	yezhf14693xca174	20190101
2183	microsoft	5	0	2400	1.2	1	yyyfh14126wdg139	20190101
2184	baojie	15	5	2200	1.2	1	axhfc15365zch166	20190101
2185	huawei	5	0	3300	1.1	1	zhyxf14787zmx163	20190101
2186	maotai	5	0	6500	4.1	1	mcemh15629zfm128	20190101
2187	pinduoduo	15	2	4200	2.1	1	cczgg14007dff195	20190101
2188	microsoft	5	0	1600	5.1	2	dyxaa15827fzh122	20190101
2189	maotai	15	4	3300	2.2	2	yahaw14903acy147	20190101
2190	jd	15	3	6400	2.2	1	dyxdc14672zhg154	20190101
2191	maotai	5	0	8700	4.1	1	xgzag14799dfw129	20190101
2192	chanel	15	6	2200	2.2	1	zxgfd15490eyy134	20190101
2193	xiaomi	5	0	6500	1.1	1	ehwwa14039xem162	20190101
2194	huawei	15	1	9100	2.1	1	gcafg14329fyx136	20190101
2195	baojie	15	1	2900	1.2	2	ahdde14627hzm163	20190101
2196	jd	15	2	2400	2.1	1	dhgfe14725dmz182	20190101
2197	baojie	15	5	5200	2.2	1	mefde15736ahg161	20190101
2198	chanel	5	0	6500	6.1	2	zfyfz13955yhz129	20190101
2199	huawei	15	6	5800	2.1	1	agwwc14964hzg172	20190101
2200	apple	5	0	6500	5.1	2	zfezf15297yee124	20190101
2201	apple	5	0	2400	1.2	2	hycwh15144chz121	20190101
2202	apple	5	0	2400	5.1	1	wgmgw14864czd158	20190101
2203	pinduoduo	5	0	6500	6.1	2	amhyy14995dhh142	20190101
2204	baojie	5	0	0000	6.1	2	gxcgx15138yhg175	20190101
2205	pinduoduo	5	0	6400	4.1	1	cwzee14140wze162	20190101
2206	chanel	15	6	4900	1.1	1	mefxy14936zhy166	20190101
2207	xiaomi	5	0	8500	1.1	1	dzcmg15442mzm152	20190101
2208	lv	15	5	6100	2.2	1	mgwzx14918xgh183	20190101
2209	lv	5	0	6400	3.1	1	mhazf15667dge161	20190101
2210	chanel	15	5	1200	2.1	1	cxgdz15159gww139	20190101
2211	microsoft	15	1	5500	1.1	1	zxhhz15515dcy178	20190101
2212	apple	15	5	3000	2.1	1	fezcz15528gex166	20190101
2213	lv	15	2	9100	2.1	2	gyymz15327fca122	20190101
2214	maotai	5	0	9200	6.1	1	czmec14753fwx190	20190101
2215	xiaomi	5	0	8200	1.2	1	fzhdg14717had164	20190101
2216	apple	5	0	5200	3.1	1	zaewc15771cah166	20190101
2217	xiaomi	5	0	6500	1.1	2	cfzwc14596eax164	20190101
2218	microsoft	15	5	2600	2.2	2	mefah15177gew126	20190101
2219	microsoft	5	0	7300	3.1	1	fazee15433gyf120	20190101
2220	apple	5	0	0000	2.2	2	zwdwg15548ghx147	20190101
2221	baojie	5	0	3300	1.2	2	fgxde14859fxh131	20190101
2222	xiaomi	15	2	4500	1.2	1	ycecx15411yeg167	20190101
2223	microsoft	5	0	0000	5.1	1	mgxag14968cym153	20190101
2224	apple	15	5	1200	1.2	2	zchde14085gaf186	20190101
2225	pinduoduo	5	0	9200	6.1	1	ygchy14141mmg146	20190101
2226	pinduoduo	5	0	6100	2.1	1	cemwd13882chw187	20190101
2227	maotai	5	0	2200	2.2	1	dfggw14795xex117	20190101
2228	huawei	5	0	1100	5.1	1	dchea14210fgy181	20190101
2229	jd	5	0	5800	2.2	1	wgcfg15450maa133	20190101
2230	maotai	15	1	4200	2.1	1	ggcwc14589faz125	20190101
2231	apple	5	0	2200	6.1	2	azzxd15073xgw134	20190101
2232	baojie	15	5	3900	1.1	1	fyxgy15261yyx176	20190101
2233	microsoft	5	0	2400	2.1	1	xceme14495gyy127	20190101
2234	jd	15	5	0000	2.2	1	czhdw14834wcy181	20190101
2235	apple	5	0	7700	2.1	2	zcfdz14009dzx155	20190101
2236	microsoft	5	0	1600	1.2	2	hfgym15337cwf180	20190101
2237	microsoft	5	0	5200	5.1	1	xgyyg14363zdx151	20190101
2238	huawei	5	0	1900	1.1	2	zxmxw15416xhf151	20190101
2239	huawei	15	6	3600	1.2	1	hzcmz14469cdh176	20190101
2240	chanel	5	0	3000	2.1	1	zxhhz15515dcy178	20190101
2241	jd	15	3	9000	1.1	1	xdexc15541yzm138	20190101
2242	microsoft	5	0	9100	5.1	2	hhwez14875ygz136	20190101
2243	lv	15	2	4900	2.2	1	zfwdc15342fdc150	20190101
2244	lv	5	0	8700	6.1	2	exaeh15269edm140	20190101
2245	huawei	5	0	9100	2.2	1	cheee14936cxy190	20190101
2246	apple	5	0	8700	1.1	2	xcdxa14586fea180	20190101
2247	chanel	5	0	8500	2.1	2	czhdw14834wcy181	20190101
2248	microsoft	15	1	5200	1.1	1	yhgfe14608xmh151	20190101
2249	microsoft	15	5	9100	2.2	2	xygey15349mhd151	20190101
2250	maotai	15	4	1100	2.1	2	meyhw13819zwc159	20190101
2251	microsoft	15	3	9100	1.2	1	hefgc15361geg195	20190101
2252	microsoft	15	6	2900	1.1	1	hxwgg14255exm158	20190101
2253	apple	5	0	2400	4.1	1	mfdya15476fme184	20190101
2254	xiaomi	15	4	7900	1.1	1	fghxw14827hmd185	20190101
2255	apple	5	0	5800	1.2	2	hfgaw14981wfc122	20190101
2256	microsoft	5	0	0000	3.1	1	ayyfx15449fze184	20190101
2257	huawei	15	1	9100	2.2	1	hxfym13952way137	20190101
2258	jd	15	5	6500	1.2	1	dygxc14669wah127	20190101
2259	apple	5	0	6100	1.2	2	xamye14478wmx135	20190101
2260	huawei	5	0	2600	1.2	2	ewdmw14288dex174	20190101
2261	jd	15	6	1100	2.2	1	dmwca15439zad179	20190101
2262	jd	5	0	9100	5.1	2	mmwey14069aag171	20190101
2263	pinduoduo	5	0	6500	1.1	1	xdexc15541yzm138	20190101
2264	maotai	5	0	8500	6.1	1	amyax14359aze165	20190101
2265	lv	5	0	3600	4.1	1	yfazh13844wcz170	20190101
2266	chanel	15	2	3000	1.2	2	xygmf14706edg137	20190101
2267	microsoft	15	4	8200	2.2	1	ywhgg14780wca151	20190101
2268	apple	5	0	3000	2.2	2	dwcwe14910fda138	20190101
2269	xiaomi	5	0	3900	2.1	1	zazez14440xzz160	20190101
2270	chanel	15	1	4900	1.1	1	gmcze15627ywy147	20190101
2271	microsoft	15	4	6100	2.2	1	ywhfd14830fey125	20190101
2272	lv	5	0	8500	4.1	1	gzhxm15067mce136	20190101
2273	xiaomi	15	4	9200	1.2	1	zaewc15771cah166	20190101
2274	maotai	5	0	8500	3.1	1	dwcwe14910fda138	20190101
2275	jd	5	0	9100	6.1	1	egcmd15604efc191	20190101
2276	microsoft	5	0	7000	2.2	2	eeamx15505xmx148	20190101
2277	baojie	15	4	2900	2.1	1	hxwgg14255exm158	20190101
2278	jd	15	5	3000	2.1	1	xygmf14706edg137	20190101
2279	xiaomi	5	0	2600	2.2	1	cxwwy15817xeg185	20190101
2280	apple	5	0	0000	2.1	1	zxhhz15515dcy178	20190101
2281	xiaomi	15	2	2900	2.2	1	gcaza14150xzg149	20190101
2282	huawei	15	4	9000	2.2	1	yhadf13819gyy130	20190101
2283	huawei	5	0	1000	1.1	1	eyyfm14318awf186	20190101
2284	xiaomi	15	3	5500	2.1	2	fxgca14294czf137	20190101
2285	baojie	5	0	5200	2.2	1	dggwx13889xfa158	20190101
2286	huawei	5	0	6500	2.2	1	egzhy15174ffx135	20190101
2287	baojie	5	0	6100	1.1	1	zegmy14314hmm173	20190101
2288	pinduoduo	15	4	5500	1.1	1	yydgy14974ayx146	20190101
2289	apple	5	0	4900	4.1	2	cehgy15444yme150	20190101
2290	maotai	15	5	4900	1.1	2	cxgdz15159gww139	20190101
2291	chanel	5	0	1200	2.2	1	hefgc15361geg195	20190101
2292	pinduoduo	5	0	8800	5.1	1	ygcgw15470hee195	20190101
2293	maotai	15	4	6500	1.2	2	gcaza14150xzg149	20190101
2294	apple	5	0	6500	2.1	1	eczxw14180ega190	20190101
2295	chanel	15	4	3900	1.1	1	haxxh14064mxy169	20190101
2296	pinduoduo	15	4	5500	2.1	1	gwfyh14649wzf179	20190101
2297	pinduoduo	15	3	1000	2.2	1	wyazx14106yem142	20190101
2298	apple	15	3	3300	1.1	1	yfxyg15713dfh175	20190101
2299	apple	5	0	1900	6.1	1	caamc14943hcf127	20190101
2300	maotai	5	0	7700	1.1	1	egwgz14569hez117	20190101
2301	chanel	15	6	0000	2.2	2	aewcx14125gcd159	20190101
2302	xiaomi	15	4	0000	1.2	1	dwyga15311dch173	20190101
2303	apple	15	2	8800	2.2	1	cheee14936cxy190	20190101
2304	chanel	15	1	9200	1.1	1	zezze13846xym142	20190101
2305	microsoft	15	1	1100	2.2	1	gfxzx15073hzx131	20190101
2306	lv	15	5	1100	2.1	1	yehca15660yey171	20190101
2307	pinduoduo	5	0	2200	1.1	1	cgmeh14601wyg152	20190101
2308	maotai	5	0	4200	4.1	2	hheea14723zyc184	20190101
2309	baojie	5	0	7700	2.2	1	ezdch14466xgh173	20190101
2310	maotai	5	0	8800	2.1	1	mdyzd14568mfe136	20190101
2311	pinduoduo	15	3	9200	2.1	1	zycag15487emx191	20190101
2312	chanel	5	0	7300	4.1	1	egcmd15604efc191	20190101
2313	huawei	15	6	5200	1.2	1	gfhha13933axg121	20190101
2314	microsoft	15	6	8500	2.2	1	dzxwm13802mdf168	20190101
2315	baojie	15	5	7900	1.1	1	wcfff15642ymz121	20190101
2316	apple	15	1	1000	1.2	1	fecyf13999ahh166	20190101
2317	microsoft	5	0	3600	4.1	2	meefc14359gaz145	20190101
2318	apple	5	0	7900	2.1	2	fhdfm14334yxe146	20190101
2319	huawei	5	0	2400	1.1	1	mdemf15747ymh141	20190101
2320	jd	15	4	1000	2.1	1	fegcg14829wdc143	20190101
2321	apple	15	1	4200	2.1	2	zxgea15024hdd121	20190101
2322	huawei	5	0	4900	2.1	2	ywaem15170xgy180	20190101
2323	pinduoduo	5	0	2600	6.1	2	cemwd13882chw187	20190101
2324	xiaomi	15	3	6500	1.1	2	yawfy15356cmg156	20190101
2325	lv	5	0	5200	6.1	1	magxm15749fce131	20190101
2326	huawei	15	3	6400	2.1	2	hegze14243hzx169	20190101
2327	apple	15	5	5800	2.2	1	fazee15433gyf120	20190101
2328	maotai	15	3	9000	2.2	1	hahdw15165dcc146	20190101
2329	pinduoduo	5	0	5200	4.1	2	aheef15156emy158	20190101
2330	microsoft	15	4	2400	2.1	1	caamc14943hcf127	20190101
2331	maotai	5	0	1100	3.1	1	fhmmw14608hhy167	20190101
2332	chanel	5	0	9100	5.1	1	exyce14010ddw153	20190101
2333	huawei	15	1	2600	2.1	2	dhddw13927fym139	20190101
2334	baojie	15	3	0000	1.1	1	mxafd15783mha190	20190101
2335	jd	15	6	7700	1.2	2	gydhc14140cwx156	20190101
2336	microsoft	15	5	2400	1.2	2	cfzwc14596eax164	20190101
2337	chanel	15	6	1600	1.2	2	caamc14943hcf127	20190101
2338	pinduoduo	5	0	4900	4.1	1	dygxc14669wah127	20190101
2339	lv	5	0	7900	2.1	1	axdfa15717dcw183	20190101
2340	huawei	15	1	1100	1.1	1	ggyyx14325yxc136	20190101
2341	jd	15	3	4900	2.2	1	ghmgf14888cgy150	20190101
2342	chanel	15	1	3900	2.1	2	hxmdx15784cgf181	20190101
2343	baojie	15	4	0000	1.1	2	dmwfg15473zfh173	20190101
2344	chanel	15	1	3900	2.2	1	hyczf13834mey129	20190101
2345	baojie	5	0	5500	1.1	1	dhmyz14694fem133	20190101
2346	microsoft	15	3	1200	1.1	2	fxhxe15152hae177	20190101
2347	huawei	15	1	1600	1.1	2	zyfcz15579zdg124	20190101
2348	apple	5	0	1000	4.1	1	gxcax14512wwa169	20190101
2349	pinduoduo	5	0	2400	1.1	2	gxwca14491wge117	20190101
2350	microsoft	15	1	1900	2.1	2	aywde14550feg131	20190101
2351	huawei	15	3	4200	2.2	1	ygmdx14070eya190	20190101
2352	maotai	5	0	3900	6.1	2	dhmyz14694fem133	20190101
2353	maotai	15	5	9000	2.2	2	dhmyz14694fem133	20190101
2354	baojie	15	6	2200	1.1	1	cdwwm14702cey140	20190101
2355	microsoft	5	0	2400	5.1	2	gfxzx15073hzx131	20190101
2356	apple	15	3	9000	2.1	2	yydgy14974ayx146	20190101
2357	chanel	5	0	0000	5.1	2	mhxdg15485ezy148	20190101
2358	chanel	15	2	7300	2.1	2	eczxw14180ega190	20190101
2359	apple	5	0	4500	6.1	1	dchea14210fgy181	20190101
2360	pinduoduo	15	6	5800	2.1	1	ggxyc15659xfh134	20190101
2361	microsoft	5	0	3000	2.2	1	wzhwd15276xcc141	20190101
2362	baojie	5	0	1600	3.1	1	mfhcc14293zfy192	20190101
2363	lv	15	6	7900	1.2	1	yafgc15695cyy123	20190101
2364	maotai	5	0	6100	1.1	1	xdhyc15241awy150	20190101
2365	huawei	5	0	3300	1.2	2	fgxde14859fxh131	20190101
2366	xiaomi	15	4	1200	1.1	1	ddydm15305ege184	20190101
2367	pinduoduo	5	0	2400	3.1	1	xhhzx13827eef195	20190101
2368	lv	5	0	0000	3.1	2	fxxge13848fem131	20190101
2369	jd	15	3	8800	2.2	2	gfxzx15073hzx131	20190101
2370	apple	5	0	2900	5.1	1	dfggw14795xex117	20190101
2371	chanel	15	2	0000	1.2	1	myxwc15594myw139	20190101
2372	baojie	5	0	1000	5.1	1	ezwch13893fdx148	20190101
2373	chanel	15	1	4500	1.2	1	dfyzf14501gcg166	20190101
2374	baojie	15	2	2400	1.1	1	yhwdy15288ceg170	20190101
2375	apple	15	3	5800	2.1	2	wwcef14899xwh138	20190101
2376	microsoft	15	6	3900	2.2	1	hahdw15165dcc146	20190101
2377	jd	5	0	3600	6.1	1	mheac15549xyx151	20190101
2378	pinduoduo	15	2	3900	2.1	1	hmmgw13905eem127	20190101
2379	baojie	5	0	7000	3.1	1	egmmz14692czc164	20190101
2380	xiaomi	15	6	7000	1.1	1	dgfxm14860gef172	20190101
2381	pinduoduo	5	0	7700	5.1	2	dxgcy15590acf144	20190101
2382	jd	15	6	5500	2.1	1	zyyzw15305hfw137	20190101
2383	jd	5	0	6500	5.1	2	awmdh15815yfm127	20190101
2384	xiaomi	15	4	7900	2.2	1	xwzfy15453cgg119	20190101
2385	apple	15	2	4900	2.1	1	gffzy14546wga195	20190101
2386	baojie	15	3	7900	1.2	1	eawdf14437awm143	20190101
2387	chanel	5	0	7000	6.1	2	ggxyc15659xfh134	20190101
2388	microsoft	5	0	9100	4.1	1	xywga13923yyy195	20190101
2389	baojie	15	5	7900	1.2	2	faadh14065xax144	20190101
2390	huawei	5	0	6500	1.1	2	yhwdy15288ceg170	20190101
2391	chanel	5	0	8700	1.2	1	gyymz15327fca122	20190101
2392	lv	5	0	6500	6.1	1	wxdfa15666acz139	20190101
2393	maotai	15	2	8200	2.1	1	yxfed15657xyw172	20190101
2394	baojie	15	2	8500	2.2	1	xhdwg15616mad154	20190101
2395	xiaomi	5	0	3600	4.1	1	aeyfa14067dzg164	20190101
2396	chanel	5	0	9100	3.1	1	cxgdz15159gww139	20190101
2397	microsoft	5	0	2200	2.1	1	zghyw15434xax129	20190101
2398	pinduoduo	15	1	0000	1.2	1	ehxwm14085yef135	20190101
2399	maotai	5	0	8800	5.1	1	czhwx15062fac127	20190101
2400	pinduoduo	5	0	0000	1.1	1	zwdwg15548ghx147	20190101
2401	baojie	5	0	7300	1.1	2	mxxza14592adz135	20190101
2402	pinduoduo	15	2	6500	2.1	1	aaaam14211ghf121	20190101
2403	xiaomi	5	0	5200	1.2	1	gfwdy14839mhe187	20190101
2404	maotai	15	4	7300	1.2	2	zcydc15290hac154	20190101
2405	baojie	5	0	4200	2.2	1	gefdz14460hcx123	20190101
2406	huawei	15	4	4900	1.2	1	xhgmh14890dzx181	20190101
2407	lv	5	0	4900	3.1	2	gfcaz14775mah139	20190101
2408	lv	5	0	8500	3.1	1	xdmxa15820gyd131	20190101
2409	lv	5	0	5200	1.2	2	gmhxa14165zgx129	20190101
2410	chanel	15	4	6100	1.1	1	cehgy15444yme150	20190101
2411	baojie	5	0	1200	3.1	1	dwzxg14018gmx169	20190101
2412	baojie	15	3	7300	2.1	1	yffgf14995xyg130	20190101
2413	baojie	5	0	9000	4.1	1	zyyzw15305hfw137	20190101
2414	lv	5	0	5800	1.2	1	zcmgf15594mfm117	20190101
2415	lv	15	2	9200	1.2	1	fwwxe14474xac129	20190101
2416	baojie	5	0	0000	1.1	2	fygxy15457dez182	20190101
2417	pinduoduo	5	0	2900	5.1	1	ygchy14141mmg146	20190101
2418	baojie	15	2	2900	1.2	1	wamdf14795yhh146	20190101
2419	pinduoduo	5	0	7300	2.2	1	xygmf14706edg137	20190101
2420	baojie	5	0	1000	5.1	1	wxhgh13797wfh172	20190101
2421	lv	15	4	2400	1.1	2	facde15694yyw157	20190101
2422	pinduoduo	5	0	2600	2.2	1	mefdy14314emg176	20190101
2423	lv	5	0	8500	1.1	2	hxfym13952way137	20190101
2424	baojie	15	5	1600	1.1	1	xwhwg14352zah144	20190101
2425	pinduoduo	5	0	0000	1.1	1	dhccx14093ygm141	20190101
2426	apple	15	1	4500	2.1	1	cfgmw13947dex168	20190101
2427	pinduoduo	15	5	1600	2.2	1	wfyam14759ddh121	20190101
2428	chanel	15	4	5200	1.2	1	dcwfz14205edg145	20190101
2429	chanel	15	6	1600	2.2	1	egwgz14569hez117	20190101
2430	pinduoduo	15	1	9000	2.1	2	ddxam13902ezx164	20190101
2431	pinduoduo	5	0	7000	5.1	1	gddwe14223mmm180	20190101
2432	pinduoduo	15	6	1000	1.2	2	xfffc15659xey172	20190101
2433	baojie	15	3	6100	1.2	1	xdmxa15820gyd131	20190101
2434	apple	15	6	7700	2.2	1	exfzm14257axx138	20190101
2435	jd	5	0	8200	3.1	2	hyafa15699xxy131	20190101
2436	jd	15	2	3900	1.1	2	emaxc15409zxz139	20190101
2437	jd	15	1	1600	2.1	1	yxfed15657xyw172	20190101
2438	chanel	5	0	0000	2.2	1	hxxyf15786yfz193	20190101
2439	lv	5	0	7300	2.2	1	deeda14947afc179	20190101
2440	jd	5	0	0000	5.1	1	ewxgx14407cca124	20190101
2441	pinduoduo	15	4	8500	2.2	2	yhgha13794afc148	20190101
2442	microsoft	5	0	3000	6.1	2	mwcfz14110wfc192	20190101
2443	huawei	15	4	7300	2.1	1	hdgam14945fxy162	20190101
2444	microsoft	15	6	5500	1.2	2	mmehf14331zwd138	20190101
2445	huawei	5	0	2900	2.2	1	mhamh15194cwx145	20190101
2446	huawei	5	0	8500	5.1	1	weghx13838mme152	20190101
2447	chanel	15	6	5500	2.1	2	xdhyc15241awy150	20190101
2448	microsoft	15	2	3600	1.2	1	efwdh13832fcz171	20190101
2449	chanel	15	1	2600	2.1	2	xwxea14415fca152	20190101
2450	chanel	5	0	9000	6.1	2	zywdy14271fhy182	20190101
2451	apple	5	0	2900	5.1	1	ehgwx14015fhh143	20190101
2452	xiaomi	5	0	1000	1.1	1	gegcw13842gga130	20190101
2453	baojie	5	0	8200	1.1	2	wcmew14285dzf169	20190101
2454	apple	5	0	9100	4.1	1	afcyy14737hzx125	20190101
2455	xiaomi	5	0	1900	2.2	1	aaaam14211ghf121	20190101
2456	baojie	5	0	1100	6.1	1	xeyfg14399fwx179	20190101
2457	maotai	15	2	7000	2.1	2	zyfcz15579zdg124	20190101
2458	xiaomi	15	2	7900	1.1	1	mhamh15194cwx145	20190101
2459	pinduoduo	15	4	4900	2.1	1	xzcwx15298dfm140	20190101
2460	microsoft	15	1	5500	1.2	1	hzzzc14748eya168	20190101
2461	chanel	15	2	7900	2.1	1	dxzyy15244yag120	20190101
2462	chanel	15	6	6500	1.2	1	xeyfg14399fwx179	20190101
2463	maotai	5	0	7300	5.1	1	dagdd13911cmh192	20190101
2464	huawei	5	0	7900	4.1	2	xhfez14890wac136	20190101
2465	microsoft	5	0	3600	1.2	1	xdhyc15241awy150	20190101
2466	xiaomi	5	0	2600	1.1	2	awdda14416acz163	20190101
2467	huawei	15	5	0000	1.2	2	dzcmg15442mzm152	20190101
2468	huawei	5	0	8700	1.2	1	yyadf13927zhm151	20190101
2469	xiaomi	15	4	9200	2.2	1	eaeac15129xgx128	20190101
2470	microsoft	15	6	2400	2.1	1	mgwzx14918xgh183	20190101
2471	huawei	15	1	8200	1.1	1	wxcda14760zmx193	20190101
2472	maotai	5	0	4500	2.1	1	myyxc14670xyh129	20190101
2473	lv	15	5	7300	1.2	1	ycwgc15167zcx130	20190101
2474	jd	15	5	3900	2.1	2	wyazx14106yem142	20190101
2475	xiaomi	15	6	3600	1.1	1	xhfez14890wac136	20190101
2476	apple	15	5	1100	1.2	1	egfef14550hda177	20190101
2477	xiaomi	15	1	6500	1.2	1	gwygh14746wdd123	20190101
2478	apple	5	0	2600	1.2	1	faheg14272mcm172	20190101
2479	lv	5	0	3900	5.1	1	hmxac13832xxx119	20190101
2480	xiaomi	5	0	2900	1.1	2	azeez13828cxc174	20190101
2481	lv	5	0	4900	1.2	1	ccgam14827emf136	20190101
2482	huawei	15	4	8800	1.1	1	dgwxy13855cyc181	20190101
2483	maotai	5	0	3600	4.1	1	dmwca15439zad179	20190101
2484	maotai	15	2	1200	1.1	1	hafdy15730wwd169	20190101
2485	pinduoduo	5	0	5500	6.1	1	mymge14078dmf150	20190101
2486	jd	5	0	9000	1.1	1	dhmza15591mca168	20190101
2487	microsoft	15	2	0000	2.1	2	hzwzm14600cfa186	20190101
2488	chanel	5	0	8200	6.1	1	mgmcz14721hmx191	20190101
2489	maotai	15	1	2400	2.1	1	axdyw14390cxg147	20190101
2490	jd	15	4	5200	2.2	1	eedwd14604edz175	20190101
2491	apple	15	1	1000	2.1	2	ghyah14033ewf160	20190101
2492	chanel	5	0	8800	4.1	1	hyeyd15311aha189	20190101
2493	baojie	5	0	7900	5.1	1	deexw14932hgw170	20190101
2494	chanel	5	0	1000	1.2	2	zcmgf15594mfm117	20190101
2495	maotai	5	0	6500	2.1	2	ffzch14335azf190	20190101
2496	chanel	15	3	1100	1.2	2	cadym13974cae127	20190101
2497	huawei	15	2	1900	1.1	1	xgmcm13969hfg169	20190101
2498	maotai	15	6	4900	2.2	1	mhazf15667dge161	20190101
2499	apple	5	0	3300	1.1	2	czhwx15062fac127	20190101
