6000	microsoft	15	6	5200	2.1	1	yewhw15801wfm141	20190105
6001	microsoft	15	3	6500	1.1	2	waggw14366wcw162	20190105
6002	baojie	5	0	6500	1.1	2	yyxme14892zxh158	20190105
6003	jd	15	5	4200	1.2	1	ddehm14075zwh125	20190105
6004	lv	15	3	1600	2.2	1	fxyhw15696zyz186	20190105
6005	chanel	15	1	4500	2.1	1	mgmzg14709ycx192	20190105
6006	xiaomi	15	1	4500	2.2	1	ecxcy15536fgx138	20190105
6007	chanel	15	2	3000	2.2	1	hdxdg14419fee137	20190105
6008	huawei	5	0	6100	1.1	1	mmhzc15803eaz169	20190105
6009	pinduoduo	5	0	1100	2.1	1	zgfmg14197gah145	20190105
6010	huawei	5	0	2900	1.2	1	xxxef15099zhw132	20190105
6011	pinduoduo	15	6	2900	2.1	1	ewmcf15086fhz141	20190105
6012	maotai	5	0	6500	1.2	2	mddya14925ced180	20190105
6013	lv	15	6	8800	1.2	1	mcecf15782ewd148	20190105
6014	baojie	15	2	3900	1.1	2	zxcfw14843zce178	20190105
6015	huawei	5	0	4500	3.1	2	hyadz15432amw125	20190105
6016	xiaomi	5	0	1200	1.1	1	axhdm15694eex187	20190105
6017	maotai	15	3	8800	1.1	1	zcccc14603fzx129	20190105
6018	apple	5	0	3000	1.1	1	hhfzy14035egc158	20190105
6019	baojie	5	0	4200	2.1	2	mmeme15249cga130	20190105
6020	maotai	15	6	5800	2.1	1	mmeff14800zfx152	20190105
6021	huawei	15	6	8200	1.1	1	czczm14741ggf189	20190105
6022	apple	5	0	1900	2.2	1	gefxf14608zew166	20190105
6023	apple	15	5	6500	1.1	1	afwcg15246dfy125	20190105
6024	microsoft	15	2	1600	2.2	2	gwxma15334yfy154	20190105
6025	huawei	15	2	4200	2.2	1	wgefd14159acg178	20190105
6026	pinduoduo	5	0	9200	5.1	2	yweda14363ycw192	20190105
6027	jd	15	4	1200	1.1	1	cmagh14567gzd139	20190105
6028	chanel	15	5	7000	2.2	1	afexg14213wwz172	20190105
6029	huawei	15	3	3600	1.2	1	xxwwe15523exf153	20190105
6030	xiaomi	15	5	7000	2.1	1	awexm14248ddx193	20190105
6031	microsoft	5	0	1100	1.1	1	zezcy15084ffg143	20190105
6032	baojie	5	0	1600	4.1	2	aexxe14418czh129	20190105
6033	lv	15	1	4500	2.1	1	mdaey13910cgc192	20190105
6034	microsoft	5	0	2600	6.1	1	hyfaw15667xch181	20190105
6035	maotai	15	3	6500	2.2	1	ehafd14854yya151	20190105
6036	xiaomi	5	0	2200	5.1	1	zhmgg15249dxe190	20190105
6037	maotai	15	1	1600	2.1	1	yyggc13971fxf121	20190105
6038	pinduoduo	5	0	6100	2.1	2	cmdgw15568fzg175	20190105
6039	maotai	5	0	8200	1.2	1	wdemx15777zmh192	20190105
6040	pinduoduo	15	2	3600	2.2	2	zdyew15025agd154	20190105
6041	jd	5	0	1600	1.1	1	wzwec13965zwg177	20190105
6042	xiaomi	15	5	3000	2.1	1	hmdca14744cda186	20190105
6043	microsoft	5	0	1200	6.1	1	ymdfy15093hzh137	20190105
6044	chanel	5	0	5800	6.1	1	cweyf14561gya173	20190105
6045	xiaomi	5	0	9100	5.1	1	fxdaf15157ydf132	20190105
6046	apple	5	0	7300	5.1	1	yxcge13977cmc180	20190105
6047	xiaomi	5	0	7300	3.1	2	mzcgg14702ggz148	20190105
6048	pinduoduo	15	6	5500	2.2	2	ehzef15385dma144	20190105
6049	maotai	5	0	2600	2.2	2	whgcf14128xwm148	20190105
6050	baojie	15	3	4200	2.1	1	cfcgx14875aew195	20190105
6051	maotai	15	2	1600	2.1	1	xmeef14806ddc139	20190105
6052	huawei	5	0	7000	3.1	2	ewhxe15389yeh161	20190105
6053	microsoft	5	0	3900	3.1	2	ghxah14173whz155	20190105
6054	huawei	5	0	3600	6.1	1	hgawz15442ahx168	20190105
6055	chanel	5	0	6500	2.1	1	ychdg15528wxa151	20190105
6056	baojie	5	0	1200	2.2	1	gyzmy15758wya186	20190105
6057	huawei	5	0	5200	2.2	1	xfdwc15051wdx181	20190105
6058	pinduoduo	15	6	6500	2.2	1	xhygh14540fxd148	20190105
6059	xiaomi	15	1	1000	1.2	2	gdydy14058zwz125	20190105
6060	jd	15	2	8200	1.2	1	eemdw14972aed194	20190105
6061	huawei	15	3	5200	2.2	1	cxwxy15067fad157	20190105
6062	pinduoduo	15	1	4900	2.1	2	gcazx15695dze136	20190105
6063	apple	5	0	5200	1.1	1	xzezw14892xaw161	20190105
6064	baojie	15	4	6100	2.1	1	yzdwa14113hax147	20190105
6065	chanel	15	3	1200	1.2	2	egfyh14945yhe150	20190105
6066	lv	5	0	9000	6.1	1	gydez14611mdx125	20190105
6067	apple	5	0	2600	1.1	2	xwxed14298zaw155	20190105
6068	pinduoduo	15	6	2600	2.2	1	cfedh14885gya163	20190105
6069	maotai	15	2	7700	1.2	1	mcdzc15507eay170	20190105
6070	microsoft	15	4	3300	1.1	1	mdzmf14132gha186	20190105
6071	maotai	5	0	6500	6.1	1	hedzc14648mez181	20190105
6072	baojie	5	0	8700	2.1	1	cxzcd14529zww138	20190105
6073	chanel	5	0	8200	1.2	1	defcx14728xzx180	20190105
6074	maotai	5	0	7000	2.1	1	fzycf15121xyz132	20190105
6075	apple	5	0	3300	1.1	1	ccfag15443ygd119	20190105
6076	jd	5	0	8200	6.1	1	zehzy14362zmm186	20190105
6077	chanel	5	0	7900	5.1	1	ddgyy15815gxe169	20190105
6078	maotai	15	4	2900	1.2	1	zegxg15709gfz118	20190105
6079	chanel	5	0	8800	4.1	1	ccxfm14961cew134	20190105
6080	apple	5	0	7900	3.1	1	dxycw15080mcd142	20190105
6081	microsoft	15	3	6400	2.2	2	hfzhy15824yag136	20190105
6082	huawei	5	0	8500	1.2	1	mcfdc15110fez140	20190105
6083	xiaomi	5	0	9200	1.1	1	hgzzy14625ayy181	20190105
6084	baojie	5	0	2900	3.1	1	fxzea14913fwz117	20190105
6085	microsoft	5	0	8800	2.2	1	yzeyz14338emw138	20190105
6086	lv	5	0	7900	1.1	1	hhhha14111hxx163	20190105
6087	baojie	5	0	9000	1.1	1	dxwme15180ehc149	20190105
6088	chanel	15	2	8200	2.2	2	aeggd15164maa163	20190105
6089	microsoft	15	3	1900	1.1	2	adxgz15646dxw182	20190105
6090	pinduoduo	15	6	1600	1.2	2	adday14155yhg133	20190105
6091	jd	15	5	9200	1.1	2	dzxmc15358gza133	20190105
6092	lv	5	0	3300	5.1	1	wwwam15654gxc178	20190105
6093	microsoft	15	4	3300	2.1	1	ywmaw14893dgg171	20190105
6094	maotai	15	4	4200	1.2	1	whfzz15428azx169	20190105
6095	huawei	5	0	6100	5.1	2	xhwzc14512acd124	20190105
6096	baojie	15	1	4500	2.2	1	yffzm15394dfg163	20190105
6097	chanel	5	0	4500	1.2	1	gghym14445add158	20190105
6098	xiaomi	5	0	2200	3.1	1	fddza13870gyd188	20190105
6099	chanel	15	4	6500	1.1	2	axcah14786gye193	20190105
6100	microsoft	15	5	3600	2.2	2	amzcd14466mag126	20190105
6101	jd	15	4	6500	2.2	1	cxehm14865hdx188	20190105
6102	baojie	5	0	3300	1.1	2	dmfcf14309mez122	20190105
6103	pinduoduo	15	4	1000	1.1	1	ezezh15036xfe164	20190105
6104	lv	5	0	8700	6.1	1	yewdw14516xac149	20190105
6105	microsoft	15	1	3600	2.2	1	dhhey14616gye133	20190105
6106	maotai	5	0	1900	2.1	1	xwdzd14078dcy149	20190105
6107	huawei	5	0	8500	1.2	2	dwfww13833zwa150	20190105
6108	baojie	15	6	7300	1.2	1	fecdx14925ffz133	20190105
6109	microsoft	5	0	5500	6.1	2	gmwxa14476ehz154	20190105
6110	chanel	15	2	2900	1.2	2	mmzmg14890zcy164	20190105
6111	lv	15	1	9100	1.1	2	mxzgm14841ahc147	20190105
6112	xiaomi	5	0	9200	4.1	2	acgeg15422hfd174	20190105
6113	huawei	5	0	3600	6.1	2	ccezz15686dad127	20190105
6114	chanel	15	1	1900	1.2	2	wxzdf14024gdy119	20190105
6115	jd	5	0	1100	1.1	1	wxefd13906yhc170	20190105
6116	apple	5	0	3000	4.1	2	fcmhc15773wze149	20190105
6117	pinduoduo	15	1	6100	1.2	2	hzgfz14796ema170	20190105
6118	xiaomi	15	5	0000	1.1	1	dxxde15621yzy146	20190105
6119	baojie	15	1	1100	1.1	1	xwmyy14887zcd192	20190105
6120	chanel	5	0	8200	6.1	2	acdcc15112gec151	20190105
6121	huawei	5	0	8700	1.2	1	cehfg14867aec191	20190105
6122	huawei	5	0	6500	1.1	2	ehwgy15803dyx143	20190105
6123	huawei	15	1	1600	2.2	2	cchdf13859dzd175	20190105
6124	maotai	5	0	4200	1.2	1	ezafg15489ezz153	20190105
6125	microsoft	5	0	7300	6.1	2	yczye14344gwa168	20190105
6126	microsoft	5	0	1600	2.2	2	dcacc15768fyh173	20190105
6127	xiaomi	15	3	3600	1.2	2	weexx15332ddf149	20190105
6128	chanel	5	0	6500	4.1	1	whghw14831gad150	20190105
6129	microsoft	5	0	5200	3.1	2	axezm13928emw126	20190105
6130	xiaomi	15	5	1600	2.2	1	wxxdz14564hfm189	20190105
6131	apple	15	5	6500	1.2	1	zdwec15499zcc138	20190105
6132	xiaomi	15	6	7700	1.1	1	dmxac14023hyx194	20190105
6133	jd	15	4	2200	2.2	1	xhzym15422dxw130	20190105
6134	jd	15	1	6100	1.2	2	emfdx15218yeh192	20190105
6135	huawei	5	0	1000	1.2	2	gcmwh14499zaw159	20190105
6136	xiaomi	5	0	1100	6.1	2	fxdag15557xzf141	20190105
6137	jd	5	0	8200	2.2	2	gmedc14076dgw118	20190105
6138	lv	15	2	6500	2.2	2	xymyw14100zca171	20190105
6139	pinduoduo	5	0	7000	5.1	2	awewm15281eyz193	20190105
6140	lv	5	0	1100	2.2	2	exhgd14888fwf183	20190105
6141	huawei	5	0	8800	5.1	1	wedcf15267agy174	20190105
6142	huawei	5	0	2200	1.1	1	fyyxm14505cdm137	20190105
6143	baojie	15	6	8800	2.2	1	whhed14762gmf172	20190105
6144	chanel	15	6	6400	1.2	1	zyzdw15267xdy143	20190105
6145	xiaomi	5	0	8700	1.1	1	deehg13891xxe153	20190105
6146	jd	15	3	2200	1.1	1	gazgf14372wae138	20190105
6147	huawei	5	0	2600	6.1	2	ydfgd14820yaf175	20190105
6148	apple	15	2	2200	1.1	2	mghyw14917zxz142	20190105
6149	lv	5	0	2900	1.2	1	gwxma15334yfy154	20190105
6150	apple	5	0	7700	2.1	2	yfead14208wwf181	20190105
6151	pinduoduo	15	3	1900	1.1	2	fcmhc15773wze149	20190105
6152	chanel	15	4	6500	2.1	1	cdgze14332awy173	20190105
6153	microsoft	15	6	6500	2.2	1	zdafa14077xhe188	20190105
6154	huawei	5	0	3000	5.1	1	fgyaz14143hdy186	20190105
6155	maotai	15	4	8700	2.2	1	wgwww13912xcw146	20190105
6156	jd	5	0	3900	1.1	1	fgxyd15252cgh132	20190105
6157	xiaomi	5	0	6500	2.1	2	gdydy14058zwz125	20190105
6158	maotai	5	0	6100	6.1	1	whehg14553gwz179	20190105
6159	huawei	5	0	4200	1.2	1	aayhc15283mdz172	20190105
6160	huawei	5	0	7300	2.2	1	yxexg14942eee128	20190105
6161	xiaomi	5	0	4500	1.1	1	hdxdg14419fee137	20190105
6162	jd	5	0	2200	5.1	1	fyhyc14986gzh168	20190105
6163	pinduoduo	15	1	1000	1.2	1	ccfag15443ygd119	20190105
6164	jd	5	0	1600	3.1	1	zydmz14286eyg185	20190105
6165	chanel	5	0	7700	5.1	1	yzwxa15209cdw147	20190105
6166	pinduoduo	15	2	7000	2.1	1	hceyd14644xyd167	20190105
6167	huawei	15	1	2200	1.2	1	xwmyy14887zcd192	20190105
6168	apple	15	3	1900	2.2	2	zehyh14655wfx126	20190105
6169	microsoft	5	0	2900	6.1	1	gcmwh14499zaw159	20190105
6170	lv	5	0	1900	5.1	1	zyaze15745wyx132	20190105
6171	lv	5	0	2400	2.2	2	hmcmx15017wwf190	20190105
6172	xiaomi	5	0	6100	3.1	2	mczfe15043ece173	20190105
6173	baojie	5	0	9000	1.2	1	fzycf15121xyz132	20190105
6174	pinduoduo	15	4	8500	1.1	2	fzeac15425efd123	20190105
6175	baojie	5	0	8500	2.2	1	zyyzw15305hfw137	20190105
6176	jd	15	2	7300	1.2	1	zzcgg13934hme175	20190105
6177	baojie	15	4	2900	1.1	2	wfxcm14373mzw123	20190105
6178	maotai	5	0	6500	1.2	1	dzcgf14536cwm134	20190105
6179	microsoft	15	3	2400	1.1	2	fecdx14925ffz133	20190105
6180	maotai	5	0	6400	2.1	1	emcee14346wmz188	20190105
6181	lv	5	0	2900	2.1	1	waggw14366wcw162	20190105
6182	pinduoduo	5	0	4500	6.1	2	fhzwd15251xfw128	20190105
6183	baojie	15	1	4900	1.1	2	mxdzh14268ecg190	20190105
6184	apple	5	0	5800	3.1	2	ewfyy14145mxc148	20190105
6185	jd	15	5	3600	2.2	2	eczxw14180ega190	20190105
6186	maotai	5	0	7300	1.1	1	agdcd14915zfy190	20190105
6187	huawei	5	0	2200	4.1	2	wzwec13965zwg177	20190105
6188	maotai	5	0	3300	4.1	2	mfxda14919fzd177	20190105
6189	microsoft	15	5	0000	1.1	1	xwzye15618zam187	20190105
6190	huawei	15	1	4200	2.1	1	emcee14346wmz188	20190105
6191	lv	5	0	5200	2.1	1	defcx14728xzx180	20190105
6192	chanel	5	0	6500	6.1	1	zyegy15760xdx144	20190105
6193	jd	5	0	3300	2.1	1	yewdw14516xac149	20190105
6194	huawei	5	0	1000	3.1	2	fwewz15387gce177	20190105
6195	huawei	5	0	9000	4.1	1	cmcmw14367zcm195	20190105
6196	apple	15	6	1600	2.2	2	zyaze15745wyx132	20190105
6197	maotai	15	5	3300	1.2	1	gghym14445add158	20190105
6198	apple	15	3	2600	1.1	2	ggfwe15606hda133	20190105
6199	huawei	15	1	8700	2.2	1	ezezh15036xfe164	20190105
6200	jd	5	0	1000	2.1	1	caggz15528fee178	20190105
6201	chanel	15	2	9100	1.2	2	wgfza13860zdf191	20190105
6202	apple	15	4	3900	1.1	1	yadzw15275gdw173	20190105
6203	jd	15	3	5800	2.1	1	egfyh14945yhe150	20190105
6204	jd	15	6	4900	1.2	2	hxgcx15439ffe189	20190105
6205	maotai	5	0	5500	3.1	1	xdmxa15820gyd131	20190105
6206	lv	15	5	5500	1.2	2	fgyaz14143hdy186	20190105
6207	chanel	5	0	6400	6.1	2	cydfg14156xea169	20190105
6208	maotai	5	0	1900	1.1	2	wzwzc14957dyf126	20190105
6209	jd	15	6	5200	1.2	1	wdemx15777zmh192	20190105
6210	pinduoduo	5	0	9000	5.1	1	wgmaf15651hxz194	20190105
6211	jd	5	0	4200	6.1	1	cehfg14867aec191	20190105
6212	chanel	5	0	7900	1.1	2	zhymg14111afy156	20190105
6213	baojie	5	0	7900	1.1	1	zycah14770wdz118	20190105
6214	maotai	15	3	8700	1.1	1	xxgwy13794hww169	20190105
6215	jd	15	1	4900	1.2	2	mxmam15320aea151	20190105
6216	jd	5	0	7000	4.1	1	hwdfa15786gcx133	20190105
6217	xiaomi	15	1	6100	1.1	1	cxehm14865hdx188	20190105
6218	jd	15	4	1200	1.2	1	dcfyy13980ccd132	20190105
6219	chanel	15	6	6500	1.1	1	fhgfm15525fmc186	20190105
6220	baojie	5	0	7700	2.1	1	afexd14086eca117	20190105
6221	lv	15	5	3900	2.1	1	fddza13870gyd188	20190105
6222	xiaomi	15	1	0000	2.2	1	mhgez15426xdd126	20190105
6223	maotai	5	0	8800	1.2	2	ccxfm14961cew134	20190105
6224	pinduoduo	15	4	8500	2.1	2	efgdf14901ceg177	20190105
6225	lv	5	0	1000	2.2	2	geydg15742mzx176	20190105
6226	microsoft	5	0	4500	6.1	2	hyzfx13911yhg190	20190105
6227	chanel	5	0	1000	2.2	1	ehwgy15803dyx143	20190105
6228	xiaomi	15	3	3900	1.1	1	emcee14346wmz188	20190105
6229	jd	15	1	3000	1.1	2	hdxdg14419fee137	20190105
6230	huawei	15	4	5800	1.1	1	hdcef15449hhf127	20190105
6231	jd	5	0	1200	1.1	1	wdczh15660efg155	20190105
6232	chanel	15	6	1900	1.2	1	ewgfx14853xyh149	20190105
6233	pinduoduo	15	6	1000	1.1	2	xymyw14100zca171	20190105
6234	apple	15	6	3900	1.1	1	exdfe15552amy119	20190105
6235	maotai	5	0	1000	1.2	2	mxafd15783mha190	20190105
6236	huawei	15	1	6100	1.2	1	emcee14346wmz188	20190105
6237	huawei	15	3	3600	1.2	2	efawc15005xah177	20190105
6238	maotai	5	0	7700	2.1	1	zmagx14416fmc164	20190105
6239	maotai	5	0	2600	5.1	1	mddya14925ced180	20190105
6240	apple	5	0	2200	2.1	1	xgwwg15109xgz117	20190105
6241	maotai	5	0	3300	3.1	1	ghxah14173whz155	20190105
6242	jd	5	0	8700	1.1	1	amddg14183wzf127	20190105
6243	chanel	5	0	9000	5.1	1	eggcz14208mcf191	20190105
6244	chanel	15	1	6500	1.1	2	ycfhw14875fwc169	20190105
6245	lv	15	5	0000	2.1	2	xaxgw15522hez128	20190105
6246	huawei	15	3	3000	2.1	1	hdcef15449hhf127	20190105
6247	chanel	15	6	6500	1.1	1	yxcge13977cmc180	20190105
6248	xiaomi	5	0	7900	5.1	1	mwywd15652hmw170	20190105
6249	lv	15	3	8800	2.1	2	hdgax15302amx132	20190105
6250	baojie	15	5	4500	2.1	1	dcfyy13980ccd132	20190105
6251	maotai	15	6	8500	1.2	2	emfdx15218yeh192	20190105
6252	lv	5	0	1600	2.2	1	azxgd15123dcd119	20190105
6253	huawei	5	0	6500	6.1	1	ddehm14075zwh125	20190105
6254	baojie	15	6	2400	2.1	2	zhfae15805hdy169	20190105
6255	maotai	15	2	5200	1.1	1	fdmzy14622fhd151	20190105
6256	apple	5	0	7900	6.1	1	hceyg15409wmm186	20190105
6257	xiaomi	5	0	3900	1.2	1	cfcgx14875aew195	20190105
6258	apple	15	5	2900	1.1	2	ezxzh14302wzg195	20190105
6259	lv	5	0	1200	1.2	1	dxycw15080mcd142	20190105
6260	chanel	15	4	5500	2.1	1	hmaxa14683zmz151	20190105
6261	huawei	15	5	7900	1.1	1	xgzyg13868wac168	20190105
6262	chanel	15	2	5200	1.2	1	zhymg14111afy156	20190105
6263	xiaomi	15	5	5500	1.2	2	acdcc15112gec151	20190105
6264	apple	15	5	1900	2.1	1	egfzd14259fhm188	20190105
6265	huawei	5	0	6100	3.1	1	aaeyh15496xcg145	20190105
6266	chanel	5	0	0000	5.1	1	cwzch14224mzw157	20190105
6267	xiaomi	15	3	5500	1.2	1	mxdzh14268ecg190	20190105
6268	maotai	15	4	6100	1.1	2	xdcee14268xhe191	20190105
6269	microsoft	15	1	8500	1.1	1	xhwzc14512acd124	20190105
6270	apple	5	0	5500	1.1	1	fzeac15425efd123	20190105
6271	chanel	5	0	3300	2.2	1	emfdx15218yeh192	20190105
6272	jd	15	6	8700	2.1	2	ycfhw14875fwc169	20190105
6273	xiaomi	15	1	5500	2.2	1	camez15549axw141	20190105
6274	lv	5	0	3000	5.1	1	ydexz14616eda154	20190105
6275	lv	15	3	1200	2.1	1	gfmyy15399dcm181	20190105
6276	microsoft	15	1	9000	2.2	2	fydmc15785feh149	20190105
6277	huawei	15	6	6400	2.1	1	dhhey14616gye133	20190105
6278	huawei	15	2	9100	2.1	2	exdfe15552amy119	20190105
6279	pinduoduo	15	1	6500	2.1	1	azdhf15776xcg173	20190105
6280	huawei	15	4	6500	2.1	1	wgmaf15651hxz194	20190105
6281	jd	5	0	1200	1.1	2	xhygh14540fxd148	20190105
6282	jd	5	0	2400	1.2	2	azcyx15699ghg175	20190105
6283	huawei	5	0	1100	1.2	1	mgmzg14709ycx192	20190105
6284	lv	15	2	7900	2.2	1	hhcwy14215wax143	20190105
6285	pinduoduo	5	0	1900	1.1	2	eafhc13976zca177	20190105
6286	chanel	5	0	3600	1.1	1	yfead14208wwf181	20190105
6287	maotai	5	0	3000	6.1	1	cfedh14885gya163	20190105
6288	baojie	15	6	0000	2.2	1	dmmmy15798aam129	20190105
6289	microsoft	15	6	6500	1.2	1	axezm13928emw126	20190105
6290	baojie	15	2	8700	1.2	1	gdmgx14403fmh171	20190105
6291	chanel	15	3	8200	1.1	1	wfdee13842mzg160	20190105
6292	pinduoduo	5	0	3300	2.2	2	ycfhw14875fwc169	20190105
6293	huawei	5	0	6400	6.1	2	yewhw15801wfm141	20190105
6294	pinduoduo	5	0	3300	3.1	1	mfcgm15753amd157	20190105
6295	chanel	15	2	2200	1.2	1	wxmec13823dzz177	20190105
6296	lv	5	0	8200	1.2	1	mayxh15617fch121	20190105
6297	microsoft	5	0	1200	4.1	2	azxzd14579fxe153	20190105
6298	huawei	15	5	7300	1.2	2	mameh14618ady170	20190105
6299	baojie	5	0	1100	2.1	2	ccfag15443ygd119	20190105
6300	jd	5	0	1100	5.1	1	xdcee14268xhe191	20190105
6301	lv	5	0	1200	2.2	1	mxzgm14841ahc147	20190105
6302	maotai	5	0	9100	3.1	1	aegdz13997cdf174	20190105
6303	apple	15	6	7700	2.2	1	yyyyy15009dcg129	20190105
6304	chanel	5	0	6500	4.1	2	amddg14183wzf127	20190105
6305	jd	15	4	2900	1.1	1	mzwcd14566dey137	20190105
6306	chanel	15	1	8800	2.2	2	egfca13875ycg186	20190105
6307	jd	5	0	7300	4.1	1	wgefd14159acg178	20190105
6308	baojie	5	0	8500	4.1	1	gcwff14803gze143	20190105
6309	pinduoduo	15	6	6500	2.1	1	azxzd14579fxe153	20190105
6310	baojie	15	2	6400	1.2	1	ayyff14154fxa130	20190105
6311	maotai	5	0	4900	1.1	1	deehg13891xxe153	20190105
6312	chanel	15	3	1600	2.1	1	cwzch14224mzw157	20190105
6313	lv	15	3	3900	2.2	1	afexg14213wwz172	20190105
6314	lv	15	4	8200	1.2	2	dghwz14969awf139	20190105
6315	maotai	15	4	2200	1.1	1	xyehw14120fxf135	20190105
6316	huawei	15	2	7700	1.1	1	mameh14618ady170	20190105
6317	microsoft	15	4	4200	1.1	1	aexxe14418czh129	20190105
6318	xiaomi	15	3	6500	2.1	1	whccx15249hax118	20190105
6319	maotai	15	1	6500	2.2	1	fzycf15121xyz132	20190105
6320	baojie	5	0	7700	5.1	1	cfzzg15031cff118	20190105
6321	baojie	15	5	3900	1.2	1	ezdyz14880exd151	20190105
6322	lv	5	0	9100	3.1	1	gmxxy14482hha194	20190105
6323	xiaomi	15	1	1200	2.1	2	yczye14344gwa168	20190105
6324	jd	5	0	8200	1.1	1	zehyh14655wfx126	20190105
6325	microsoft	5	0	4900	5.1	2	wxdfa15666acz139	20190105
6326	pinduoduo	5	0	4500	3.1	2	mwywd15652hmw170	20190105
6327	apple	5	0	7700	3.1	1	azmag15810hca173	20190105
6328	apple	5	0	6400	4.1	2	efgdf14901ceg177	20190105
6329	chanel	5	0	8500	6.1	1	hedzc14648mez181	20190105
6330	xiaomi	5	0	5800	2.1	1	czwew15332zwz188	20190105
6331	microsoft	15	4	8500	2.2	1	yyggc13971fxf121	20190105
6332	xiaomi	5	0	8500	1.1	1	afexd14086eca117	20190105
6333	baojie	15	2	3300	1.2	1	hygyc15035cgf139	20190105
6334	apple	15	4	4200	2.1	1	xwedg15711ece148	20190105
6335	lv	15	3	7700	1.2	1	ewccm15306aae152	20190105
6336	maotai	15	3	8200	1.1	1	addcg15782yma145	20190105
6337	microsoft	5	0	1900	4.1	1	waggw14366wcw162	20190105
6338	pinduoduo	5	0	2400	1.1	2	whccx15249hax118	20190105
6339	microsoft	15	6	5800	1.1	2	ezmwz15571zyf166	20190105
6340	maotai	5	0	1200	2.1	2	addcg15782yma145	20190105
6341	baojie	15	5	6500	1.2	1	ezafg15489ezz153	20190105
6342	pinduoduo	15	6	0000	1.2	1	ewfyy14145mxc148	20190105
6343	chanel	5	0	3300	4.1	1	emfdx15218yeh192	20190105
6344	pinduoduo	15	2	7900	1.1	2	hgzee14908fgf187	20190105
6345	microsoft	5	0	7900	3.1	2	fyzfa15005gxf194	20190105
6346	huawei	5	0	2400	3.1	1	wxcye14884dee164	20190105
6347	xiaomi	5	0	1900	3.1	1	fcmhc15773wze149	20190105
6348	xiaomi	15	2	7700	1.2	1	zyegy15760xdx144	20190105
6349	jd	15	1	0000	1.2	2	ehafd14854yya151	20190105
6350	apple	5	0	6500	2.2	2	xdcee14268xhe191	20190105
6351	chanel	15	6	2400	2.1	1	yehwc15043wae142	20190105
6352	chanel	15	5	2900	2.1	2	addcg15782yma145	20190105
6353	chanel	15	5	8700	1.1	1	gghym14445add158	20190105
6354	jd	5	0	0000	1.1	2	xdcee14268xhe191	20190105
6355	baojie	5	0	2200	2.2	1	gxcga15726zhw158	20190105
6356	apple	5	0	6400	1.2	1	xgmeh14807fyf158	20190105
6357	lv	5	0	3000	5.1	1	wzmzw14493yha165	20190105
6358	xiaomi	5	0	8500	1.2	1	hwdfa15786gcx133	20190105
6359	microsoft	15	3	6500	1.1	1	dzxmc15358gza133	20190105
6360	baojie	5	0	6400	5.1	2	wymwg15088ezm161	20190105
6361	jd	5	0	6100	3.1	1	cfedh14885gya163	20190105
6362	xiaomi	15	2	2400	2.1	1	ezxzh14302wzg195	20190105
6363	apple	5	0	2900	1.1	2	mezwh14602exc150	20190105
6364	maotai	15	2	0000	1.1	1	hgzee14908fgf187	20190105
6365	pinduoduo	5	0	1600	4.1	2	axdyw14390cxg147	20190105
6366	baojie	5	0	6400	2.2	2	mmmzf15594yzy120	20190105
6367	jd	15	6	8500	1.1	1	exhgd14888fwf183	20190105
6368	lv	5	0	7700	2.2	2	xxgwy13794hww169	20190105
6369	apple	5	0	6500	1.2	2	ezeme14454wzx163	20190105
6370	huawei	5	0	9000	3.1	2	dezhg15461weh120	20190105
6371	baojie	5	0	6500	3.1	2	yczye14344gwa168	20190105
6372	pinduoduo	5	0	6400	2.1	1	yxexg14942eee128	20190105
6373	apple	5	0	7300	6.1	1	ywmaw14893dgg171	20190105
6374	pinduoduo	5	0	5800	3.1	1	afexd14086eca117	20190105
6375	chanel	15	1	6500	1.2	1	zxdmm15803ggd121	20190105
6376	lv	15	4	9100	1.2	2	hxgcx15439ffe189	20190105
6377	apple	15	6	1200	2.1	1	mcecf15782ewd148	20190105
6378	huawei	15	2	1000	1.2	1	fyhyc14986gzh168	20190105
6379	baojie	5	0	3000	5.1	2	mgmzg14709ycx192	20190105
6380	huawei	5	0	2400	4.1	2	wcyzh14604zgf179	20190105
6381	pinduoduo	15	6	1600	2.1	1	yhezx14011ema159	20190105
6382	lv	15	4	8500	1.1	2	geacc15795gzz124	20190105
6383	xiaomi	15	2	5200	1.1	1	xzezw14892xaw161	20190105
6384	lv	5	0	9100	2.1	1	zhfae15805hdy169	20190105
6385	microsoft	5	0	6500	6.1	2	ywhfd14830fey125	20190105
6386	lv	15	1	5500	1.2	2	ayyff14154fxa130	20190105
6387	jd	15	4	1100	1.1	1	gcgyz15807hfm177	20190105
6388	maotai	5	0	5500	4.1	1	xwedg15711ece148	20190105
6389	baojie	15	3	7900	1.2	1	gghym14445add158	20190105
6390	maotai	15	1	7000	2.1	1	mghyw14917zxz142	20190105
6391	jd	15	1	2600	2.1	1	ychdg15528wxa151	20190105
6392	xiaomi	15	1	5200	1.1	1	fgxyd15252cgh132	20190105
6393	jd	15	4	5200	2.1	2	gxdmh13932gww142	20190105
6394	microsoft	15	6	1200	2.2	1	fgfxz14361aay158	20190105
6395	chanel	5	0	1900	1.2	2	dzxwm13802mdf168	20190105
6396	maotai	5	0	5200	6.1	1	fydww15276ehx158	20190105
6397	maotai	15	5	7700	1.2	1	mdaey13910cgc192	20190105
6398	xiaomi	5	0	1900	1.2	2	xdhwy13979hwd127	20190105
6399	pinduoduo	5	0	5500	1.2	1	hhehe15519hgf128	20190105
6400	apple	15	4	2900	1.2	1	ahghm14996zxz133	20190105
6401	lv	15	3	3600	2.1	1	cmagh14567gzd139	20190105
6402	chanel	15	3	3600	2.1	1	hxmhe14970zye154	20190105
6403	baojie	15	3	9000	2.2	1	awewm15281eyz193	20190105
6404	chanel	5	0	5800	2.1	1	chfaw14138zwd158	20190105
6405	apple	5	0	3600	2.1	2	yfgwf14534wwg124	20190105
6406	baojie	5	0	2200	2.2	1	mhgez15426xdd126	20190105
6407	pinduoduo	15	3	8500	2.2	1	yczye14344gwa168	20190105
6408	baojie	5	0	1100	2.2	1	wawcy15659ddy166	20190105
6409	pinduoduo	5	0	4200	6.1	2	gdydy14058zwz125	20190105
6410	pinduoduo	15	2	9100	2.2	2	mxccz14475gca194	20190105
6411	pinduoduo	15	1	5200	1.2	1	zycah14770wdz118	20190105
6412	pinduoduo	5	0	5500	1.1	2	cfgfm14267hzx148	20190105
6413	chanel	5	0	8800	5.1	1	cchdf13859dzd175	20190105
6414	lv	15	1	5500	2.2	1	zymwy14166wdz189	20190105
6415	lv	15	4	1200	2.2	2	xewxx15566fwa141	20190105
6416	xiaomi	15	6	2200	2.2	1	xdhwy13979hwd127	20190105
6417	lv	5	0	4500	6.1	1	mecaw15077dxe174	20190105
6418	huawei	15	6	6400	2.2	1	gxhmc14807xdd136	20190105
6419	maotai	15	6	7300	1.2	1	mmzmg14890zcy164	20190105
6420	maotai	5	0	4900	4.1	1	fmmza14944awa161	20190105
6421	microsoft	5	0	5800	2.1	1	axcah14786gye193	20190105
6422	chanel	5	0	9200	3.1	1	zehyh14655wfx126	20190105
6423	chanel	15	5	6500	2.1	2	azcex14888gye136	20190105
6424	baojie	15	4	7300	1.1	1	cchmf14138gax144	20190105
6425	pinduoduo	5	0	1200	1.1	2	zfwdc15342fdc150	20190105
6426	microsoft	5	0	5500	2.2	1	dghwz14969awf139	20190105
6427	xiaomi	15	6	3000	2.2	1	gmwxa14476ehz154	20190105
6428	pinduoduo	15	3	5800	1.1	1	mczfe15043ece173	20190105
6429	microsoft	15	5	2600	1.1	1	cemcf14367cmm189	20190105
6430	baojie	15	2	2200	1.1	2	geacc15795gzz124	20190105
6431	baojie	15	5	6100	1.1	2	zehzy14362zmm186	20190105
6432	chanel	5	0	1100	4.1	1	wawcy15659ddy166	20190105
6433	maotai	15	5	1200	1.2	2	hfzhy15824yag136	20190105
6434	lv	5	0	7300	4.1	1	fhzwd15251xfw128	20190105
6435	apple	5	0	2200	5.1	1	zfyfg15466xfc195	20190105
6436	apple	5	0	3300	3.1	1	zmagx14416fmc164	20190105
6437	chanel	5	0	7300	1.2	1	awexm14248ddx193	20190105
6438	maotai	15	5	4900	2.2	1	fgfxz14361aay158	20190105
6439	huawei	15	5	2400	2.2	1	cfedh14885gya163	20190105
6440	chanel	5	0	5200	2.2	2	dcfzz15090xyy143	20190105
6441	baojie	5	0	1000	2.2	1	ydfgd14820yaf175	20190105
6442	maotai	15	6	9100	2.1	1	cfgfm14267hzx148	20190105
6443	pinduoduo	15	4	6500	1.1	1	yweda14363ycw192	20190105
6444	chanel	5	0	8800	5.1	2	ehwfe13924cxx167	20190105
6445	huawei	15	5	1600	1.2	2	wwcef14899xwh138	20190105
6446	jd	5	0	4500	1.1	1	wayha14439mgc142	20190105
6447	huawei	15	2	9200	1.1	1	wzmzw14493yha165	20190105
6448	pinduoduo	15	4	6500	1.1	1	awmdw14746zdm133	20190105
6449	maotai	15	6	6500	2.1	2	dhhey14616gye133	20190105
6450	baojie	5	0	6400	1.2	1	dzcgf14536cwm134	20190105
6451	huawei	15	1	6400	1.1	1	ccxfm14961cew134	20190105
6452	jd	15	5	4500	2.2	2	caggz15528fee178	20190105
6453	xiaomi	5	0	2600	1.1	2	hdgax15302amx132	20190105
6454	lv	5	0	8800	4.1	2	yyycy14933afz143	20190105
6455	microsoft	5	0	8200	3.1	1	ygmdx14070eya190	20190105
6456	lv	15	1	0000	1.1	2	ggdma14413dhw119	20190105
6457	jd	5	0	0000	2.2	1	cxzcd14529zww138	20190105
6458	maotai	5	0	1000	4.1	2	gwzwh15511dem192	20190105
6459	microsoft	15	1	1900	2.2	1	fmfmw15466mwa188	20190105
6460	chanel	15	1	2600	1.2	1	fwewz15387gce177	20190105
6461	chanel	5	0	6400	4.1	1	hzgfz14796ema170	20190105
6462	microsoft	5	0	6500	3.1	1	ghacg14907dzw142	20190105
6463	lv	15	6	7900	1.1	1	dxycw15080mcd142	20190105
6464	jd	5	0	6100	6.1	2	ydexz14616eda154	20190105
6465	pinduoduo	15	5	1100	2.2	1	xgzyg13868wac168	20190105
6466	xiaomi	5	0	5500	1.2	1	wxchx15618mfd159	20190105
6467	pinduoduo	5	0	4500	5.1	2	ccezz15686dad127	20190105
6468	apple	5	0	1600	3.1	1	exdfe15552amy119	20190105
6469	xiaomi	15	5	3000	1.1	2	ecxcy15536fgx138	20190105
6470	baojie	15	3	7300	1.2	2	caded14618wma160	20190105
6471	lv	5	0	8700	1.1	1	yfgwf14534wwg124	20190105
6472	pinduoduo	15	6	7900	1.1	2	hyaxh15266xzw143	20190105
6473	lv	5	0	1000	1.1	1	dcacc15768fyh173	20190105
6474	huawei	15	1	4900	2.2	1	wymwg15088ezm161	20190105
6475	baojie	15	3	2900	2.2	1	hhwez14875ygz136	20190105
6476	xiaomi	5	0	5200	2.2	1	dmmmy15798aam129	20190105
6477	xiaomi	5	0	3600	6.1	2	zfzye13900gyf171	20190105
6478	chanel	15	6	4900	2.2	1	wahxw14114cmx188	20190105
6479	chanel	15	2	6400	1.1	1	aeggd15164maa163	20190105
6480	microsoft	15	5	4500	2.1	1	fgfxz14361aay158	20190105
6481	jd	5	0	5800	1.2	1	xmeef14806ddc139	20190105
6482	pinduoduo	5	0	1600	6.1	1	fzeac15425efd123	20190105
6483	chanel	5	0	4200	1.1	1	yfdee15279hfh160	20190105
6484	maotai	15	1	9100	2.2	1	fxzcx14568hch173	20190105
6485	baojie	15	5	2400	1.2	2	mmehf14331zwd138	20190105
6486	chanel	5	0	4900	6.1	1	axxyh14236wmm194	20190105
6487	huawei	15	4	8800	1.1	1	ddehm14075zwh125	20190105
6488	maotai	5	0	6400	5.1	2	dgfmz14553cmd190	20190105
6489	lv	5	0	6500	4.1	1	gmxea13848afc182	20190105
6490	xiaomi	15	2	6500	2.1	1	fhdzy15712yfx173	20190105
6491	huawei	5	0	8800	2.1	1	aexxe14418czh129	20190105
6492	microsoft	5	0	3300	3.1	1	gwhgc15110ahh173	20190105
6493	apple	5	0	2200	5.1	1	zdwec15499zcc138	20190105
6494	microsoft	5	0	4900	1.1	1	geacc15795gzz124	20190105
6495	pinduoduo	5	0	1200	1.2	2	gmxea13848afc182	20190105
6496	microsoft	5	0	2900	2.1	2	eayaa15478gdg130	20190105
6497	apple	15	5	1900	1.1	1	fecdx14925ffz133	20190105
6498	xiaomi	15	2	9100	2.1	1	caded14618wma160	20190105
6499	maotai	5	0	8700	1.2	1	ehwgy15803dyx143	20190105
6500	lv	15	4	4900	2.2	1	zymwy14166wdz189	20190105
6501	apple	15	2	9200	1.2	2	yyegg14384fza129	20190105
6502	jd	5	0	2400	1.1	1	eayaa15478gdg130	20190105
6503	lv	15	4	2900	2.1	2	mmeme15249cga130	20190105
6504	apple	5	0	6100	1.1	2	gydze13785wfz161	20190105
6505	maotai	15	4	6100	1.2	2	ezyhw15732ccw180	20190105
6506	maotai	5	0	4500	5.1	2	ezxzh14302wzg195	20190105
6507	huawei	15	6	6400	1.1	1	emgaz15203cfe126	20190105
6508	jd	5	0	9200	4.1	1	dmmmy15798aam129	20190105
6509	microsoft	15	2	6500	2.2	1	cehfg14867aec191	20190105
6510	xiaomi	15	1	6100	2.2	1	ymzgd14952dhe135	20190105
6511	lv	5	0	5200	2.1	1	hdxdg14419fee137	20190105
6512	maotai	5	0	8800	4.1	1	caggz15528fee178	20190105
6513	apple	5	0	4500	2.1	1	femhc15648wcg173	20190105
6514	pinduoduo	5	0	4900	6.1	1	agacg15677gfz121	20190105
6515	jd	5	0	4900	2.2	1	gfhha13933axg121	20190105
6516	maotai	5	0	4900	1.1	1	ayyff14154fxa130	20190105
6517	huawei	5	0	2200	2.1	2	mmhzc15803eaz169	20190105
6518	lv	15	5	0000	2.1	2	hceyg15409wmm186	20190105
6519	apple	15	6	7900	2.2	1	yamhm14370zem188	20190105
6520	huawei	5	0	7900	3.1	1	hyzfx13911yhg190	20190105
6521	apple	5	0	8800	4.1	1	eemdw14972aed194	20190105
6522	apple	15	4	1900	2.1	1	fgxyd15252cgh132	20190105
6523	maotai	15	6	2200	2.2	2	ccfag15443ygd119	20190105
6524	baojie	5	0	2200	2.1	2	gazgf14372wae138	20190105
6525	baojie	15	6	1600	2.2	1	mxdzh14268ecg190	20190105
6526	huawei	15	2	8200	2.1	1	egfzd14259fhm188	20190105
6527	pinduoduo	15	6	7700	1.2	1	mdzmf14132gha186	20190105
6528	lv	15	2	9200	2.2	1	mhgez15426xdd126	20190105
6529	xiaomi	15	5	4900	2.2	1	ywmaw14893dgg171	20190105
6530	apple	5	0	5800	3.1	1	yaxag13793hdw128	20190105
6531	maotai	15	2	6500	2.1	1	camez15549axw141	20190105
6532	maotai	5	0	2600	5.1	2	mfcgm15753amd157	20190105
6533	huawei	5	0	6500	2.2	1	xwxed14298zaw155	20190105
6534	microsoft	15	4	1200	1.2	1	ezxzh14302wzg195	20190105
6535	baojie	15	5	7300	2.2	2	fhaac14791mfc180	20190105
6536	baojie	5	0	5800	6.1	2	hceyd14644xyd167	20190105
6537	jd	5	0	6100	4.1	2	yamhm14370zem188	20190105
6538	maotai	5	0	5800	2.2	1	zehyh14655wfx126	20190105
6539	maotai	15	1	3900	2.2	1	gcazx15695dze136	20190105
6540	baojie	5	0	6500	2.1	1	cgwah15174yzy128	20190105
6541	microsoft	15	1	6400	2.1	1	xwdzd14078dcy149	20190105
6542	pinduoduo	15	6	1000	1.2	1	zydmz14286eyg185	20190105
6543	microsoft	15	6	9000	1.2	2	wfdee13842mzg160	20190105
6544	maotai	15	4	3900	2.1	2	mameh14618ady170	20190105
6545	maotai	5	0	8700	4.1	2	ygyda13924wxh180	20190105
6546	maotai	5	0	1000	2.2	2	egfca13875ycg186	20190105
6547	jd	5	0	6500	4.1	1	cxzcd14529zww138	20190105
6548	jd	15	3	2200	2.2	2	yxexg14942eee128	20190105
6549	apple	5	0	7000	1.1	2	eyefh15146egg127	20190105
6550	jd	5	0	5800	2.2	1	hyzfx13911yhg190	20190105
6551	chanel	5	0	9000	6.1	2	hgzzy14625ayy181	20190105
6552	maotai	5	0	6100	4.1	2	mfxda14919fzd177	20190105
6553	baojie	15	5	3000	2.1	1	ddgyy15815gxe169	20190105
6554	chanel	15	5	9100	1.1	1	yxexg14942eee128	20190105
6555	lv	15	5	8200	1.1	1	wfxcm14373mzw123	20190105
6556	microsoft	5	0	2400	5.1	1	gazgf14372wae138	20190105
6557	apple	5	0	5200	1.2	1	yczye14344gwa168	20190105
6558	maotai	15	3	8800	1.2	1	wfxww15642eym129	20190105
6559	lv	5	0	1000	2.1	1	cxwxy15067fad157	20190105
6560	jd	15	4	1200	2.2	1	hdcef15449hhf127	20190105
6561	xiaomi	5	0	5500	1.2	1	mmcyc15578eyh193	20190105
6562	chanel	5	0	9000	1.1	1	ayyff14154fxa130	20190105
6563	xiaomi	5	0	9100	3.1	1	yzdwa14113hax147	20190105
6564	baojie	15	6	1900	2.1	2	xwedg15711ece148	20190105
6565	huawei	5	0	8200	6.1	1	hzzzc14748eya168	20190105
6566	baojie	15	6	2200	2.1	1	ggfwe15606hda133	20190105
6567	jd	5	0	3600	3.1	1	yfxmh14392gay145	20190105
6568	microsoft	5	0	7000	2.1	2	ccdya14177edg195	20190105
6569	apple	5	0	3900	6.1	1	adxgz15646dxw182	20190105
6570	baojie	5	0	9200	6.1	1	yyycy14933afz143	20190105
6571	microsoft	15	5	6500	2.2	1	hgawz15442ahx168	20190105
6572	lv	15	3	1100	2.2	1	acaym15230xmc171	20190105
6573	chanel	5	0	3300	1.2	1	fawfd14839gzg138	20190105
6574	maotai	15	6	2900	1.2	1	fgfxz14361aay158	20190105
6575	jd	5	0	6100	2.1	1	cymhm14132amd150	20190105
6576	microsoft	15	3	7900	1.2	2	fgfxz14361aay158	20190105
6577	baojie	15	4	7300	2.2	1	fxdaf15157ydf132	20190105
6578	pinduoduo	15	5	7000	2.1	1	mmmzf15594yzy120	20190105
6579	microsoft	15	2	6100	1.2	1	eggcz14208mcf191	20190105
6580	baojie	5	0	0000	5.1	1	gezdd14020afg156	20190105
6581	maotai	5	0	1100	1.1	1	afexg14213wwz172	20190105
6582	apple	5	0	1600	2.2	1	yfead14208wwf181	20190105
6583	xiaomi	5	0	8500	3.1	2	xhygh14540fxd148	20190105
6584	lv	5	0	6400	2.1	1	wzdcy13946dyc121	20190105
6585	maotai	15	1	2600	2.2	1	yemea15433wwz155	20190105
6586	jd	15	4	6100	1.2	1	dmegf14651wwm156	20190105
6587	chanel	5	0	7000	1.1	1	fyyxm14505cdm137	20190105
6588	apple	5	0	2200	2.1	1	dfcwh15761dhz150	20190105
6589	baojie	5	0	6400	4.1	1	xymyw14100zca171	20190105
6590	xiaomi	5	0	9200	5.1	1	fydmc15785feh149	20190105
6591	chanel	5	0	9100	4.1	1	aezeg15104gcc138	20190105
6592	jd	5	0	7000	5.1	1	mameh14618ady170	20190105
6593	microsoft	5	0	7300	6.1	2	hhfzy14035egc158	20190105
6594	huawei	15	5	6500	2.2	1	zhmaz14537zxe121	20190105
6595	jd	5	0	1200	3.1	1	wcdxw15261few144	20190105
6596	chanel	5	0	2900	1.2	2	ycfhw14875fwc169	20190105
6597	apple	5	0	1900	5.1	1	ahffx13938cfa193	20190105
6598	maotai	5	0	2600	3.1	1	afhzx14978dgm158	20190105
6599	huawei	5	0	2600	6.1	1	gwxma15334yfy154	20190105
6600	chanel	15	1	1000	1.1	2	fgxyd15252cgh132	20190105
6601	chanel	15	2	6500	2.2	1	yffzm15394dfg163	20190105
6602	microsoft	15	2	5200	2.2	1	zgggg14553wgc159	20190105
6603	lv	15	4	3300	1.2	1	cwmdf14571yhx167	20190105
6604	baojie	5	0	2600	2.1	1	xgmeh14807fyf158	20190105
6605	pinduoduo	5	0	9000	2.2	2	hyfay14192mmx155	20190105
6606	chanel	5	0	3600	6.1	2	fgxyd15252cgh132	20190105
6607	microsoft	5	0	3300	2.1	2	ezafg15489ezz153	20190105
6608	jd	5	0	2900	5.1	1	cwydx15032eya165	20190105
6609	chanel	15	5	5200	2.2	1	yafhe15831cwm182	20190105
6610	pinduoduo	5	0	0000	1.1	1	azcyx15699ghg175	20190105
6611	lv	15	4	7700	1.1	1	zezcy15084ffg143	20190105
6612	maotai	15	1	1900	2.2	1	zzyhm14865dey176	20190105
6613	maotai	15	3	8800	2.2	2	mxzgm14841ahc147	20190105
6614	chanel	15	5	9100	1.2	2	afhzx14978dgm158	20190105
6615	maotai	15	4	7900	2.1	1	fcmew14836dfx120	20190105
6616	xiaomi	15	4	6500	2.2	1	dmmmy15798aam129	20190105
6617	maotai	5	0	3900	2.2	2	ehzef15385dma144	20190105
6618	baojie	5	0	5500	5.1	1	awmdw14746zdm133	20190105
6619	chanel	5	0	1100	1.1	1	fcmhc15773wze149	20190105
6620	pinduoduo	5	0	9000	3.1	1	gdxmg15093zzx187	20190105
6621	microsoft	15	6	4500	2.1	1	yfgwf14534wwg124	20190105
6622	pinduoduo	5	0	3000	5.1	1	zydmz14286eyg185	20190105
6623	jd	15	3	9100	1.1	1	gdydy14058zwz125	20190105
6624	apple	15	1	2200	1.1	1	wymhx15739dxd160	20190105
6625	baojie	15	6	2200	1.2	1	ymxhd15393zya141	20190105
6626	baojie	15	6	8700	1.1	1	wymhx15739dxd160	20190105
6627	apple	15	6	5800	1.1	2	dgxgx14558wca164	20190105
6628	apple	5	0	7000	3.1	1	caded14618wma160	20190105
6629	pinduoduo	5	0	8800	2.1	1	gydez14611mdx125	20190105
6630	chanel	5	0	7700	4.1	1	dmegf14651wwm156	20190105
6631	xiaomi	15	4	7000	1.2	2	xwxed14298zaw155	20190105
6632	jd	15	3	5200	1.1	1	hhgam15069gxz149	20190105
6633	apple	5	0	3300	2.2	1	ewwaz14416xyc157	20190105
6634	maotai	15	6	1900	1.1	2	hdahx14042ghh127	20190105
6635	lv	5	0	5200	2.1	2	gyymz15327fca122	20190105
6636	baojie	15	6	7900	2.1	2	eazmc15595aff171	20190105
6637	pinduoduo	5	0	6500	3.1	2	yxcge13977cmc180	20190105
6638	microsoft	15	4	6500	2.2	1	ymzgd14952dhe135	20190105
6639	huawei	5	0	8800	2.2	1	mgmfa15192dax127	20190105
6640	pinduoduo	15	4	2600	2.1	1	wayha14439mgc142	20190105
6641	microsoft	5	0	2200	1.2	2	ezafg15489ezz153	20190105
6642	pinduoduo	15	3	7700	1.2	2	wymhx15739dxd160	20190105
6643	chanel	15	4	8500	2.1	1	zyzdw15267xdy143	20190105
6644	maotai	5	0	7000	6.1	2	dmegf14651wwm156	20190105
6645	maotai	5	0	9100	1.1	2	zyega14328gax175	20190105
6646	maotai	5	0	5500	3.1	1	caggz15528fee178	20190105
6647	microsoft	15	2	8500	2.2	2	ewhxe15389yeh161	20190105
6648	huawei	5	0	6400	2.1	2	wayha14439mgc142	20190105
6649	baojie	5	0	2900	1.1	1	mdzmf14132gha186	20190105
6650	maotai	5	0	7900	5.1	1	egfzd14259fhm188	20190105
6651	microsoft	15	2	7000	1.2	1	egaem14421dye172	20190105
6652	lv	15	1	4500	2.1	1	xwmyy14013fyz159	20190105
6653	microsoft	15	5	2400	1.2	1	hhhha14111hxx163	20190105
6654	microsoft	15	3	9100	2.2	1	hzgmx14783gee148	20190105
6655	apple	15	4	2400	1.1	1	aaaam14211ghf121	20190105
6656	baojie	15	3	5200	2.1	1	wahxw14114cmx188	20190105
6657	chanel	15	6	2400	1.1	2	femhc15648wcg173	20190105
6658	huawei	5	0	5500	6.1	2	mayxh15617fch121	20190105
6659	apple	15	1	2200	2.2	2	zcccc14603fzx129	20190105
6660	microsoft	15	4	6400	2.2	1	hdahx14042ghh127	20190105
6661	lv	5	0	1100	3.1	1	aeggd15164maa163	20190105
6662	microsoft	5	0	2600	2.1	1	azcyx15699ghg175	20190105
6663	maotai	15	1	8500	2.1	1	fegxw15603ezw137	20190105
6664	baojie	5	0	6100	1.2	1	fydmc15785feh149	20190105
6665	huawei	15	6	9200	2.1	2	fezcz15528gex166	20190105
6666	xiaomi	5	0	6100	1.2	1	yadzw15275gdw173	20190105
6667	xiaomi	5	0	8200	6.1	1	ezezh15036xfe164	20190105
6668	jd	5	0	9200	1.1	1	egfzd14259fhm188	20190105
6669	chanel	5	0	3000	6.1	2	hhehe15519hgf128	20190105
6670	baojie	5	0	6500	3.1	1	gazgf14372wae138	20190105
6671	maotai	15	3	1900	2.2	1	ezezh15036xfe164	20190105
6672	huawei	5	0	1200	1.2	1	acaym15230xmc171	20190105
6673	apple	5	0	3900	4.1	1	gdydy14058zwz125	20190105
6674	xiaomi	15	4	4500	2.2	1	yfead14208wwf181	20190105
6675	xiaomi	5	0	9200	6.1	1	aeyzy14365emc158	20190105
6676	huawei	5	0	8200	3.1	1	ddxez15174ehw173	20190105
6677	apple	5	0	3300	2.1	2	mzcgg14702ggz148	20190105
6678	xiaomi	5	0	8500	1.1	2	fydad15169myz156	20190105
6679	jd	15	4	2400	2.2	1	fyyxm14505cdm137	20190105
6680	pinduoduo	15	3	9000	1.1	1	axxyh14236wmm194	20190105
6681	microsoft	15	3	1200	1.2	1	yydhm14641amw178	20190105
6682	xiaomi	15	2	1600	1.2	1	ehwfe13924cxx167	20190105
6683	maotai	15	4	3600	1.2	1	ehwgy15803dyx143	20190105
6684	apple	15	2	5200	2.1	1	awfwx15641zge187	20190105
6685	maotai	15	2	6500	1.1	1	exxcg15770hcm157	20190105
6686	xiaomi	5	0	1900	5.1	1	hdahx14042ghh127	20190105
6687	pinduoduo	5	0	3600	4.1	1	zfyfg15466xfc195	20190105
6688	lv	15	1	8800	2.1	1	fhzwd15251xfw128	20190105
6689	pinduoduo	5	0	5500	2.1	2	hfzhy15824yag136	20190105
6690	xiaomi	15	4	6400	2.2	1	cchmf14138gax144	20190105
6691	huawei	5	0	4900	2.2	2	cweyf14561gya173	20190105
6692	xiaomi	5	0	9200	2.2	1	mameh14618ady170	20190105
6693	lv	5	0	7900	1.1	1	yamhm14370zem188	20190105
6694	apple	15	4	4200	2.2	1	hxgaw15468hec164	20190105
6695	jd	5	0	3300	1.1	2	mdyzd14568mfe136	20190105
6696	microsoft	15	2	5200	2.2	2	whehg14553gwz179	20190105
6697	pinduoduo	15	3	5800	1.2	1	mxzgm14841ahc147	20190105
6698	microsoft	15	4	7000	2.1	2	ahghm14996zxz133	20190105
6699	pinduoduo	5	0	9000	2.2	1	fzyca13901cxa132	20190105
6700	huawei	5	0	1900	2.2	2	wzzzf14475whm143	20190105
6701	chanel	15	3	8500	2.2	2	emfdx15218yeh192	20190105
6702	huawei	5	0	4900	2.1	1	zyegy15760xdx144	20190105
6703	maotai	15	6	1200	2.2	2	fecdx14925ffz133	20190105
6704	chanel	15	3	0000	2.1	1	wzzzf14475whm143	20190105
6705	huawei	5	0	7900	2.1	1	zgyax14648xhd167	20190105
6706	baojie	5	0	1600	6.1	2	dmmmy15798aam129	20190105
6707	baojie	5	0	6500	5.1	2	gwxma15334yfy154	20190105
6708	apple	15	4	1900	2.2	1	egfzd14259fhm188	20190105
6709	maotai	15	6	3000	1.2	1	weexx15332ddf149	20190105
6710	pinduoduo	5	0	2200	2.2	2	hxmhe14970zye154	20190105
6711	lv	15	6	3600	2.2	1	emgaz15203cfe126	20190105
6712	maotai	5	0	6400	2.1	1	hdahx14042ghh127	20190105
6713	maotai	15	1	7700	1.1	1	ecxcy15536fgx138	20190105
6714	maotai	5	0	1000	1.1	1	eacmw15681ahd161	20190105
6715	huawei	5	0	2200	1.1	1	fxhxe15152hae177	20190105
6716	baojie	5	0	2600	3.1	1	zefmx14855fef138	20190105
6717	lv	15	6	3300	2.2	1	yfdmz15394dfg117	20190105
6718	pinduoduo	15	2	5500	1.1	2	zydmz14286eyg185	20190105
6719	maotai	15	1	6500	1.1	2	zdwec15499zcc138	20190105
6720	apple	5	0	5800	2.1	1	gxhmc14807xdd136	20190105
6721	chanel	15	2	6500	1.1	2	zxcfw14843zce178	20190105
6722	xiaomi	5	0	1000	1.1	2	cwzch14224mzw157	20190105
6723	chanel	15	3	1900	1.1	2	hmhcc15201zyx189	20190105
6724	pinduoduo	15	5	6400	1.1	2	gzwez13966aah193	20190105
6725	xiaomi	15	1	7300	2.1	2	wfefx15171wxx136	20190105
6726	huawei	5	0	1600	2.1	2	mcxmg14145mhh170	20190105
6727	pinduoduo	15	6	9100	2.1	2	gwxma15334yfy154	20190105
6728	lv	5	0	8700	1.1	1	cfgfm14267hzx148	20190105
6729	jd	15	1	6500	2.2	1	mwwgh15507gmf129	20190105
6730	jd	5	0	3000	2.2	2	zzyhm14865dey176	20190105
6731	pinduoduo	15	2	2200	2.1	2	zgfmg14197gah145	20190105
6732	apple	15	2	7000	1.2	1	gzwez13966aah193	20190105
6733	baojie	15	5	9200	2.1	2	ewhxe15389yeh161	20190105
6734	huawei	5	0	8700	1.1	2	gdmgx14403fmh171	20190105
6735	microsoft	5	0	8700	1.2	1	gayym15037xyz148	20190105
6736	apple	15	5	3600	1.1	1	zzyhm14865dey176	20190105
6737	jd	15	5	6100	2.1	2	deehg13891xxe153	20190105
6738	pinduoduo	15	6	6500	2.2	1	hxgcx15439ffe189	20190105
6739	huawei	15	5	6400	2.1	2	dxxde15621yzy146	20190105
6740	xiaomi	5	0	3300	4.1	1	hwdfa15786gcx133	20190105
6741	xiaomi	5	0	6500	2.2	1	hehcx14610fhg140	20190105
6742	pinduoduo	15	5	6400	2.2	2	wahxw14114cmx188	20190105
6743	apple	15	3	8500	2.2	1	cchdf13859dzd175	20190105
6744	apple	15	3	7900	1.2	1	cccfh14592gcg181	20190105
6745	microsoft	15	5	3600	2.2	1	facde15694yyw157	20190105
6746	lv	5	0	4900	4.1	2	xxgwy13794hww169	20190105
6747	lv	5	0	6500	5.1	1	zfzye13900gyf171	20190105
6748	baojie	5	0	7900	2.1	1	caded14618wma160	20190105
6749	maotai	5	0	3900	2.1	1	mmeff14800zfx152	20190105
6750	microsoft	15	2	3300	1.2	1	zhfae15805hdy169	20190105
6751	apple	5	0	7000	2.2	1	whfzz15428azx169	20190105
6752	jd	5	0	2400	1.1	1	fydad15169myz156	20190105
6753	microsoft	15	6	1100	1.1	1	egcxd14951gmg142	20190105
6754	pinduoduo	15	1	2400	2.2	2	axfeh14175why187	20190105
6755	chanel	5	0	6500	1.1	1	cwcdc14371cmf151	20190105
6756	lv	5	0	8200	6.1	2	yzxwd15674fyz125	20190105
6757	microsoft	15	3	6500	1.2	1	zyzdw15267xdy143	20190105
6758	maotai	5	0	9200	3.1	2	geggx14492ewf165	20190105
6759	chanel	15	2	2400	1.1	2	wdczh15660efg155	20190105
6760	baojie	15	3	7000	2.2	1	fydad15169myz156	20190105
6761	pinduoduo	15	6	9200	1.2	1	hhfzy14035egc158	20190105
6762	pinduoduo	5	0	5200	3.1	1	cwydx15032eya165	20190105
6763	jd	15	3	1100	2.2	1	xhwzc14512acd124	20190105
6764	baojie	15	6	7700	2.1	1	zadwf15004wzw186	20190105
6765	apple	5	0	1100	1.1	1	wzaah14944fay123	20190105
6766	huawei	5	0	6500	3.1	1	wzzzf14475whm143	20190105
6767	apple	5	0	4500	5.1	1	whghw14831gad150	20190105
6768	lv	15	3	1000	2.1	1	gcwhf15055fyc160	20190105
6769	chanel	15	2	5500	2.2	2	hhhha14111hxx163	20190105
6770	microsoft	15	3	1100	1.2	2	fgyaz14143hdy186	20190105
6771	xiaomi	15	4	3300	2.1	1	yzmyz14585hyh168	20190105
6772	xiaomi	5	0	4500	3.1	2	gmmgf14878adc152	20190105
6773	xiaomi	15	3	7300	1.1	1	ychdg15528wxa151	20190105
6774	jd	15	5	1600	1.1	2	hxgcx15439ffe189	20190105
6775	apple	5	0	6400	5.1	1	cachc14755xce127	20190105
6776	lv	15	1	7900	1.1	1	gwzwh15511dem192	20190105
6777	baojie	15	1	3600	1.2	2	eyefh15146egg127	20190105
6778	huawei	15	1	3000	1.2	2	emcee14346wmz188	20190105
6779	jd	15	1	1600	2.1	1	fyyxm14505cdm137	20190105
6780	microsoft	15	5	5800	1.2	2	yzxwd15674fyz125	20190105
6781	baojie	15	4	1100	1.1	2	mmzmg14890zcy164	20190105
6782	microsoft	15	5	7300	2.1	1	dmegf14651wwm156	20190105
6783	huawei	5	0	2200	6.1	2	wdczh15660efg155	20190105
6784	xiaomi	15	3	0000	2.1	2	wgmaf15651hxz194	20190105
6785	chanel	5	0	1600	3.1	1	mxdeh15574xch153	20190105
6786	xiaomi	15	3	4200	1.1	2	wahxw14114cmx188	20190105
6787	lv	15	5	6400	1.1	1	mgmzg14709ycx192	20190105
6788	microsoft	5	0	7000	4.1	2	mczfe15043ece173	20190105
6789	chanel	5	0	2400	4.1	1	xfcdf15299zad180	20190105
6790	baojie	15	4	8700	2.1	1	gydze13785wfz161	20190105
6791	huawei	15	3	2900	1.2	1	fxzea14913fwz117	20190105
6792	xiaomi	15	1	9100	2.2	1	cfgfm14267hzx148	20190105
6793	microsoft	5	0	6400	2.1	1	whhed14762gmf172	20190105
6794	huawei	15	6	6100	1.1	1	hxmhe14970zye154	20190105
6795	xiaomi	5	0	2900	1.1	1	yyegg14384fza129	20190105
6796	apple	15	6	6500	1.1	1	fwewz15387gce177	20190105
6797	pinduoduo	5	0	6500	2.2	1	hmdca14744cda186	20190105
6798	huawei	5	0	2600	2.2	2	mameh14618ady170	20190105
6799	chanel	5	0	2900	4.1	2	wxzdf14024gdy119	20190105
6800	baojie	5	0	7700	1.1	2	gwhgc15110ahh173	20190105
6801	xiaomi	15	6	5200	1.1	1	cemcf14367cmm189	20190105
6802	maotai	15	6	6100	2.2	2	mmmzf15594yzy120	20190105
6803	chanel	5	0	4900	4.1	1	mcdzc15507eay170	20190105
6804	xiaomi	5	0	6500	2.1	2	xwedg15711ece148	20190105
6805	pinduoduo	15	5	8800	2.1	1	xwdme15356xeg151	20190105
6806	huawei	15	1	7000	2.2	1	fwewz15387gce177	20190105
6807	pinduoduo	15	2	2900	2.1	1	egcxd14951gmg142	20190105
6808	microsoft	5	0	1600	6.1	2	zehyh14655wfx126	20190105
6809	huawei	5	0	1600	1.1	2	xhygh14540fxd148	20190105
6810	pinduoduo	5	0	9000	6.1	1	fgyaz14143hdy186	20190105
6811	baojie	5	0	6400	3.1	1	wxxdz14564hfm189	20190105
6812	lv	5	0	8700	1.2	1	ghacg14907dzw142	20190105
6813	xiaomi	15	4	8800	2.2	1	yyegg14384fza129	20190105
6814	chanel	15	5	1000	2.1	1	ewgfx14853xyh149	20190105
6815	baojie	15	3	8700	1.2	2	hefgc15361geg195	20190105
6816	lv	5	0	5500	4.1	1	xgwwg15109xgz117	20190105
6817	chanel	15	6	3300	2.2	1	xxwwe15523exf153	20190105
6818	huawei	5	0	1100	2.2	1	wawcy15659ddy166	20190105
6819	chanel	5	0	8500	1.1	2	fegxw15603ezw137	20190105
6820	jd	15	5	7900	1.1	2	wzdcy13946dyc121	20190105
6821	maotai	15	1	7000	1.1	1	zdwec15499zcc138	20190105
6822	maotai	5	0	3000	6.1	1	hxgcx15439ffe189	20190105
6823	jd	15	3	7700	1.2	1	ghxah14173whz155	20190105
6824	microsoft	15	3	1100	1.1	1	fzeac15425efd123	20190105
6825	huawei	5	0	4200	2.1	1	zhamg14139cdd117	20190105
6826	jd	5	0	1600	5.1	1	ehwfe13924cxx167	20190105
6827	lv	15	5	2400	1.2	1	wedcf15267agy174	20190105
6828	xiaomi	5	0	8800	4.1	1	egfzd14259fhm188	20190105
6829	jd	15	1	2400	2.2	1	fecdx14925ffz133	20190105
6830	huawei	15	4	2600	2.1	1	agacg15677gfz121	20190105
6831	lv	5	0	5800	1.2	1	xyehw14120fxf135	20190105
6832	baojie	15	2	2400	1.2	2	hceyd14644xyd167	20190105
6833	maotai	15	3	0000	2.1	1	gdydy14058zwz125	20190105
6834	xiaomi	15	2	7300	2.1	1	yczzm15192wdy126	20190105
6835	lv	15	6	4900	1.1	1	zcmgf15594mfm117	20190105
6836	maotai	5	0	5500	3.1	2	ggfwe15606hda133	20190105
6837	pinduoduo	5	0	6100	4.1	1	gzeyh13794xda153	20190105
6838	microsoft	15	3	3900	2.1	1	yadzw15275gdw173	20190105
6839	pinduoduo	5	0	1200	1.2	2	xhzym15422dxw130	20190105
6840	lv	15	3	4900	1.2	2	awfwx15641zge187	20190105
6841	jd	15	6	3600	1.1	1	ezezh15036xfe164	20190105
6842	microsoft	15	1	9000	2.1	1	gcwhf15055fyc160	20190105
6843	xiaomi	15	5	5200	1.2	2	wgfza13860zdf191	20190105
6844	jd	5	0	6400	3.1	1	ggdma14413dhw119	20190105
6845	microsoft	15	6	3300	1.2	2	ewxgx14407cca124	20190105
6846	xiaomi	5	0	6400	6.1	2	whehg14553gwz179	20190105
6847	lv	15	2	6500	1.2	2	cchdf13859dzd175	20190105
6848	pinduoduo	15	1	7000	2.1	2	zhymg14111afy156	20190105
6849	lv	15	4	8200	2.2	2	ezmwz15571zyf166	20190105
6850	maotai	5	0	1100	6.1	1	fhzwd15251xfw128	20190105
6851	chanel	15	4	8800	1.1	2	ghxah14173whz155	20190105
6852	chanel	15	6	3600	1.1	1	yfead14208wwf181	20190105
6853	xiaomi	15	5	9200	1.1	1	waggw14366wcw162	20190105
6854	pinduoduo	15	6	8200	2.1	1	dghwz14969awf139	20190105
6855	microsoft	15	5	4200	2.2	2	dcdfy15231ycd157	20190105
6856	chanel	15	2	9100	2.2	1	hceyg15409wmm186	20190105
6857	baojie	5	0	7900	6.1	1	cchdf13859dzd175	20190105
6858	lv	15	6	4900	1.1	1	fhdzy15712yfx173	20190105
6859	microsoft	15	2	9000	2.2	2	yczye14344gwa168	20190105
6860	apple	15	5	1900	1.2	1	efdwd13849dyz172	20190105
6861	xiaomi	5	0	4900	4.1	1	yzwxa15209cdw147	20190105
6862	huawei	5	0	6500	2.1	1	wzzzf14475whm143	20190105
6863	xiaomi	15	3	9200	1.2	2	yczye14344gwa168	20190105
6864	lv	5	0	2400	2.1	1	zydmz14286eyg185	20190105
6865	lv	5	0	9200	3.1	2	hwmem15230ggh188	20190105
6866	microsoft	5	0	3900	4.1	1	wzmfx15700dye145	20190105
6867	lv	5	0	5200	4.1	1	ghggm13963fah140	20190105
6868	chanel	15	3	0000	2.1	1	excah15811agc122	20190105
6869	baojie	5	0	1600	1.1	1	zhmgg15249dxe190	20190105
6870	apple	5	0	2400	4.1	1	wzmfx15700dye145	20190105
6871	chanel	15	1	5800	2.2	2	wwwam15654gxc178	20190105
6872	apple	5	0	1100	1.2	1	ezxzh14302wzg195	20190105
6873	jd	5	0	0000	1.1	1	fyzfa15005gxf194	20190105
6874	lv	5	0	8200	1.1	1	wfxww15642eym129	20190105
6875	baojie	15	2	3600	2.2	1	agzmy15500hmc128	20190105
6876	chanel	5	0	4200	3.1	1	hgzee14908fgf187	20190105
6877	pinduoduo	5	0	3600	5.1	1	dwfww13833zwa150	20190105
6878	chanel	15	1	1600	2.1	1	zhfae15805hdy169	20190105
6879	lv	15	6	6500	1.1	2	gmfzh14677fwy153	20190105
6880	baojie	15	5	3600	1.2	1	fzeac15425efd123	20190105
6881	chanel	15	2	7000	2.1	1	xhwzc14512acd124	20190105
6882	chanel	5	0	1600	1.1	2	gzmgg14689fxx164	20190105
6883	huawei	15	1	8700	1.2	1	dmxac14023hyx194	20190105
6884	apple	15	3	1000	1.2	1	chfaw14138zwd158	20190105
6885	huawei	5	0	1600	3.1	2	ggmhw15051gwc120	20190105
6886	jd	5	0	8700	6.1	1	zgggg14553wgc159	20190105
6887	jd	15	2	1600	1.2	1	yffzm15394dfg163	20190105
6888	baojie	5	0	8700	1.1	1	fhdzy15712yfx173	20190105
6889	microsoft	5	0	9100	1.1	1	dxycw15080mcd142	20190105
6890	maotai	15	4	9000	2.1	1	fgyaz14143hdy186	20190105
6891	chanel	5	0	3300	6.1	1	eyefh15146egg127	20190105
6892	huawei	15	4	2900	1.2	1	cxgec14561wfx119	20190105
6893	lv	15	4	9000	2.1	1	gdydy14058zwz125	20190105
6894	lv	15	4	7700	1.2	1	ehwfe13924cxx167	20190105
6895	pinduoduo	15	6	1200	2.1	2	xhfhh15730mwy117	20190105
6896	maotai	5	0	9200	3.1	1	hdcef15449hhf127	20190105
6897	apple	15	5	3300	2.2	2	gxedm14795zfd126	20190105
6898	huawei	5	0	3900	6.1	1	wzmfx15700dye145	20190105
6899	pinduoduo	15	4	8800	2.2	1	ewmcf15086fhz141	20190105
6900	lv	15	2	5200	1.1	1	wxchx15618mfd159	20190105
6901	microsoft	5	0	6400	5.1	1	axhdm15694eex187	20190105
6902	lv	5	0	8700	2.2	1	dgfmz14553cmd190	20190105
6903	lv	15	5	6100	1.2	1	fdmzy14622fhd151	20190105
6904	lv	15	3	7000	2.2	1	ewgfx14853xyh149	20190105
6905	pinduoduo	5	0	8200	1.2	2	ggxyc15659xfh134	20190105
6906	apple	5	0	9100	6.1	1	wahxw14114cmx188	20190105
6907	pinduoduo	5	0	8200	3.1	1	ccezz15686dad127	20190105
6908	lv	15	5	8800	2.2	2	ddxez15174ehw173	20190105
6909	baojie	15	1	6400	2.1	1	eggcz14208mcf191	20190105
6910	baojie	5	0	9200	1.1	2	dfxhe14558emf177	20190105
6911	microsoft	5	0	6100	2.1	1	mmeme15249cga130	20190105
6912	chanel	15	4	4900	2.1	1	mfxda14919fzd177	20190105
6913	lv	15	1	8700	1.2	1	hhfzy14035egc158	20190105
6914	chanel	15	3	9100	2.1	1	fhdzy15712yfx173	20190105
6915	maotai	5	0	0000	4.1	2	cemcf14367cmm189	20190105
6916	pinduoduo	15	4	9100	2.2	1	fydww15276ehx158	20190105
6917	jd	5	0	9000	4.1	1	whfzz15428azx169	20190105
6918	microsoft	15	5	3900	2.2	1	fmmza14944awa161	20190105
6919	lv	5	0	7300	1.1	1	mzcgg14702ggz148	20190105
6920	jd	15	6	1200	2.1	1	fzeac15425efd123	20190105
6921	lv	15	1	3900	2.2	1	mddah14845mga149	20190105
6922	apple	15	5	8800	1.1	1	amddg14183wzf127	20190105
6923	chanel	5	0	8500	6.1	2	zyzdw15267xdy143	20190105
6924	pinduoduo	5	0	3000	2.2	2	xxaeh14122cgg175	20190105
6925	baojie	15	4	8500	2.2	2	xzcwx15298dfm140	20190105
6926	jd	15	6	7700	1.1	2	mameh14618ady170	20190105
6927	huawei	5	0	3900	2.2	1	fzfhe15070zey126	20190105
6928	baojie	15	4	3900	1.1	2	mczfe15043ece173	20190105
6929	microsoft	5	0	1200	1.1	1	dmxac14023hyx194	20190105
6930	xiaomi	15	1	2900	2.1	1	yxexg14942eee128	20190105
6931	baojie	5	0	5500	1.2	2	xxwwe15523exf153	20190105
6932	jd	15	4	7900	2.2	1	wahxw14114cmx188	20190105
6933	baojie	5	0	7700	1.2	1	chzfd15437eaz160	20190105
6934	huawei	15	2	9100	1.2	1	cchmf14138gax144	20190105
6935	jd	15	3	7000	2.1	1	gefdz14460hcx123	20190105
6936	microsoft	5	0	1200	2.2	1	zyegy15760xdx144	20190105
6937	pinduoduo	5	0	1900	6.1	1	yweda14363ycw192	20190105
6938	maotai	5	0	5500	3.1	1	yxexg14942eee128	20190105
6939	microsoft	15	3	9100	1.1	1	dfeec13930ehe189	20190105
6940	microsoft	15	1	1100	2.1	2	geggx14492ewf165	20190105
6941	chanel	15	6	3300	1.1	2	mgmzg14709ycx192	20190105
6942	huawei	5	0	8800	1.1	2	eacmw15681ahd161	20190105
6943	huawei	15	5	4200	2.1	1	mcdzc15507eay170	20190105
6944	pinduoduo	5	0	9200	4.1	2	exdfe15552amy119	20190105
6945	chanel	5	0	8800	1.2	1	dgxgx14558wca164	20190105
6946	xiaomi	15	4	7300	2.1	1	mfxda14919fzd177	20190105
6947	baojie	5	0	4500	5.1	1	ehzef15385dma144	20190105
6948	maotai	5	0	8200	1.2	1	mczfe15043ece173	20190105
6949	apple	5	0	2200	1.1	1	yzeyz14338emw138	20190105
6950	huawei	5	0	2600	4.1	2	wawcy15659ddy166	20190105
6951	microsoft	15	5	3600	1.1	1	ezhaa15557gfe117	20190105
6952	xiaomi	15	5	0000	1.2	1	fydmc15785feh149	20190105
6953	microsoft	15	1	9200	1.1	1	mmeff14800zfx152	20190105
6954	xiaomi	15	5	4500	2.2	1	hzgmx14783gee148	20190105
6955	microsoft	15	1	6400	2.2	1	dyxaa15827fzh122	20190105
6956	baojie	15	2	6400	2.1	1	amddg14183wzf127	20190105
6957	baojie	15	6	1900	2.2	2	mxdzh14268ecg190	20190105
6958	pinduoduo	5	0	8200	1.2	1	mfxda14919fzd177	20190105
6959	pinduoduo	5	0	5200	1.2	1	awewm15281eyz193	20190105
6960	jd	15	2	3300	2.2	2	hgzee14908fgf187	20190105
6961	xiaomi	15	4	7700	1.2	1	hmdca14744cda186	20190105
6962	jd	15	5	1600	2.2	1	yadzw15275gdw173	20190105
6963	lv	15	2	8700	2.1	1	gayym15037xyz148	20190105
6964	xiaomi	15	5	7700	2.2	1	afhzx14978dgm158	20190105
6965	xiaomi	15	4	9200	1.1	2	zcyhg15717fcy138	20190105
6966	huawei	5	0	5200	3.1	2	fgfxz14361aay158	20190105
6967	apple	15	4	6500	2.2	1	wxefd13906yhc170	20190105
6968	apple	15	2	7000	2.1	1	hceyd14644xyd167	20190105
6969	chanel	15	5	4900	1.1	1	hmcmx15017wwf190	20190105
6970	huawei	5	0	3600	5.1	1	ggfwe15606hda133	20190105
6971	xiaomi	5	0	3000	5.1	2	xhzym15422dxw130	20190105
6972	microsoft	5	0	7300	1.2	1	cxgec14561wfx119	20190105
6973	lv	15	5	9100	1.2	2	gcazx15695dze136	20190105
6974	huawei	5	0	5200	6.1	1	dghwz14969awf139	20190105
6975	xiaomi	5	0	7700	1.1	2	zycah14770wdz118	20190105
6976	maotai	5	0	6500	2.2	1	hdahx14042ghh127	20190105
6977	apple	5	0	9200	3.1	2	xwdzd14078dcy149	20190105
6978	baojie	5	0	1900	2.1	1	egfca13875ycg186	20190105
6979	jd	5	0	3900	1.2	2	yzeyz14338emw138	20190105
6980	chanel	5	0	1600	4.1	1	eayaa15478gdg130	20190105
6981	xiaomi	5	0	2900	2.2	1	xhezy14218mxa190	20190105
6982	maotai	5	0	9000	1.1	1	wcyzh14604zgf179	20190105
6983	jd	15	3	7900	2.1	1	hmdca14744cda186	20190105
6984	pinduoduo	15	5	0000	2.2	2	wymwg15088ezm161	20190105
6985	chanel	15	5	9000	1.2	2	azeez13828cxc174	20190105
6986	huawei	15	6	1200	2.1	1	zyaze15745wyx132	20190105
6987	jd	15	1	3300	1.1	1	yamhm14370zem188	20190105
6988	huawei	5	0	2400	2.1	2	ymzgd14952dhe135	20190105
6989	maotai	15	4	2200	1.2	1	wzwec13965zwg177	20190105
6990	xiaomi	5	0	1000	4.1	2	hhgam15069gxz149	20190105
6991	huawei	5	0	3600	4.1	2	ehwgy15803dyx143	20190105
6992	maotai	15	2	5200	1.1	1	gezdd14020afg156	20190105
6993	chanel	15	4	1100	1.2	1	zfyfg15466xfc195	20190105
6994	baojie	5	0	8200	1.1	1	mxccz14475gca194	20190105
6995	chanel	5	0	3000	6.1	2	exyce14010ddw153	20190105
6996	lv	5	0	6400	1.2	1	whehg14553gwz179	20190105
6997	apple	5	0	8700	2.1	2	gydez14611mdx125	20190105
6998	apple	15	1	2600	2.1	2	hhcwy14215wax143	20190105
6999	lv	15	5	7900	2.1	1	zdmxh15263wfe141	20190105
7000	huawei	5	0	1200	2.1	1	gydze13785wfz161	20190105
7001	baojie	15	2	5800	1.1	1	yffzm15394dfg163	20190105
7002	maotai	15	3	2600	2.1	2	mcxmg14145mhh170	20190105
7003	jd	15	5	6500	2.2	1	afwcg15246dfy125	20190105
7004	pinduoduo	5	0	5500	1.2	1	wgmaf15651hxz194	20190105
7005	apple	5	0	7900	4.1	1	zgyax14648xhd167	20190105
7006	huawei	5	0	7000	6.1	1	zhymg14111afy156	20190105
7007	apple	5	0	6500	6.1	2	axezm13928emw126	20190105
7008	xiaomi	5	0	7900	2.1	2	cwydx15032eya165	20190105
7009	pinduoduo	5	0	4900	3.1	1	gyzmy15758wya186	20190105
7010	xiaomi	5	0	6500	1.1	1	wxcye14884dee164	20190105
7011	chanel	5	0	5800	5.1	1	myafz15351yzz123	20190105
7012	apple	15	4	7900	2.1	2	xwmyy14013fyz159	20190105
7013	jd	5	0	1100	2.2	1	cxzcd14529zww138	20190105
7014	jd	5	0	9100	4.1	2	hmaxa14683zmz151	20190105
7015	microsoft	5	0	7700	5.1	2	dxfax15647ggz188	20190105
7016	maotai	5	0	6400	4.1	1	xxaeh14122cgg175	20190105
7017	lv	15	5	6500	1.1	2	wfdee13842mzg160	20190105
7018	apple	15	4	8500	2.2	2	fwewz15387gce177	20190105
7019	baojie	5	0	8700	4.1	1	cchdf13859dzd175	20190105
7020	chanel	15	1	2600	1.1	2	gdxmg15093zzx187	20190105
7021	jd	15	6	1200	2.1	1	cweyf14561gya173	20190105
7022	baojie	5	0	8500	4.1	1	ghacg14907dzw142	20190105
7023	lv	15	3	3300	2.2	1	eafhc13976zca177	20190105
7024	pinduoduo	15	2	6500	1.1	1	hwdfa15786gcx133	20190105
7025	xiaomi	15	3	8800	2.2	1	awmdh15815yfm127	20190105
7026	xiaomi	15	4	1200	1.2	1	ggfwe15606hda133	20190105
7027	xiaomi	5	0	2200	6.1	1	mmeff14800zfx152	20190105
7028	huawei	5	0	8200	1.1	1	zymwy14166wdz189	20190105
7029	apple	5	0	0000	2.2	1	xyehw14120fxf135	20190105
7030	huawei	5	0	1900	2.1	1	ggdma14413dhw119	20190105
7031	apple	15	6	5800	2.2	1	hhhha14111hxx163	20190105
7032	xiaomi	5	0	2900	2.1	1	eazmc15595aff171	20190105
7033	lv	5	0	7700	1.2	1	whgcf14128xwm148	20190105
7034	maotai	5	0	8700	4.1	2	dwefe14698gmm152	20190105
7035	maotai	15	6	4900	2.1	1	yzwxa15209cdw147	20190105
7036	microsoft	15	3	7000	1.1	1	fyhyc14986gzh168	20190105
7037	xiaomi	15	2	4200	2.1	1	xwmyy14887zcd192	20190105
7038	xiaomi	5	0	7300	6.1	1	cccfh14592gcg181	20190105
7039	microsoft	15	6	4500	2.2	1	cxehm14865hdx188	20190105
7040	chanel	5	0	2200	6.1	1	excah15811agc122	20190105
7041	microsoft	5	0	7900	6.1	1	eefed14942ezz194	20190105
7042	chanel	15	5	3300	1.1	1	awfwx15641zge187	20190105
7043	apple	5	0	2200	3.1	1	dmxac14023hyx194	20190105
7044	microsoft	5	0	8800	1.2	1	zzyhm14865dey176	20190105
7045	jd	5	0	9100	5.1	2	wwwyh15033cxm163	20190105
7046	jd	15	2	1900	1.1	2	zzyhm14865dey176	20190105
7047	lv	5	0	1200	5.1	2	fyzfa15005gxf194	20190105
7048	chanel	15	6	3600	1.2	1	gmxxy14482hha194	20190105
7049	chanel	5	0	6500	4.1	1	zhmgg15249dxe190	20190105
7050	apple	5	0	1100	1.1	2	mzewx15047xgd186	20190105
7051	maotai	15	4	7000	1.2	1	gdydy14058zwz125	20190105
7052	pinduoduo	15	3	2600	2.1	1	dcfyy13980ccd132	20190105
7053	pinduoduo	15	3	2200	2.1	2	wdczh15660efg155	20190105
7054	chanel	5	0	8500	1.1	2	zydmz14286eyg185	20190105
7055	jd	15	6	9200	1.1	2	cfhhe15158fdm126	20190105
7056	chanel	15	6	6400	1.1	1	mwywd15652hmw170	20190105
7057	huawei	15	4	7700	1.1	1	cehfg14867aec191	20190105
7058	xiaomi	15	5	6100	1.1	2	zadwf15004wzw186	20190105
7059	pinduoduo	15	5	8700	2.2	2	mwezm15560mch133	20190105
7060	microsoft	5	0	5500	1.1	2	fydmc15785feh149	20190105
7061	maotai	15	1	9200	1.2	1	whghw14831gad150	20190105
7062	baojie	15	2	1600	2.2	2	chfaw14138zwd158	20190105
7063	microsoft	5	0	9200	2.1	1	weexx15332ddf149	20190105
7064	lv	5	0	4200	5.1	2	fmmza14944awa161	20190105
7065	baojie	5	0	7000	2.1	1	zzacx14232yxm181	20190105
7066	jd	5	0	1900	3.1	1	adamx14554ahy128	20190105
7067	chanel	5	0	3900	4.1	1	dzxmc15358gza133	20190105
7068	huawei	5	0	9000	1.1	2	yczzm15192wdy126	20190105
7069	microsoft	15	5	7000	2.2	1	hhfzy14035egc158	20190105
7070	jd	5	0	3900	1.1	1	fyhyc14986gzh168	20190105
7071	xiaomi	5	0	6100	3.1	1	egaem14421dye172	20190105
7072	lv	5	0	8800	6.1	1	fydww15276ehx158	20190105
7073	lv	5	0	3900	3.1	1	acgeg15422hfd174	20190105
7074	apple	5	0	8200	1.2	1	fgyaz14143hdy186	20190105
7075	chanel	15	6	5800	1.2	2	zggxg15358xcw191	20190105
7076	chanel	5	0	0000	1.2	1	gdmgx14403fmh171	20190105
7077	xiaomi	5	0	1600	2.2	1	dmfdw14700gyz147	20190105
7078	chanel	15	2	5500	1.2	2	adamx14554ahy128	20190105
7079	chanel	15	6	2400	1.1	1	zcccc14603fzx129	20190105
7080	xiaomi	5	0	4900	3.1	1	afexd14086eca117	20190105
7081	jd	5	0	1900	1.2	2	acgeg15422hfd174	20190105
7082	maotai	5	0	7000	6.1	2	azcyx15699ghg175	20190105
7083	huawei	15	5	6100	2.2	2	wfdee13842mzg160	20190105
7084	baojie	5	0	8800	4.1	1	dcfzz15090xyy143	20190105
7085	microsoft	5	0	7900	2.2	1	exazf14886gae185	20190105
7086	maotai	5	0	6400	2.1	2	cchmf14138gax144	20190105
7087	jd	5	0	7300	6.1	1	dzxmc15358gza133	20190105
7088	maotai	15	5	4900	1.1	1	hyaxh15266xzw143	20190105
7089	baojie	15	6	6400	1.1	2	ymdyx15469hgg133	20190105
7090	baojie	15	5	1900	1.2	1	fgyaz14143hdy186	20190105
7091	huawei	5	0	1600	3.1	1	hfzhy15824yag136	20190105
7092	chanel	5	0	6100	2.2	2	dwefe14698gmm152	20190105
7093	pinduoduo	15	4	2400	1.2	1	dmxac14023hyx194	20190105
7094	huawei	15	4	2200	1.1	1	hmaxa14683zmz151	20190105
7095	jd	15	3	1600	1.2	1	eyzde15222fhc138	20190105
7096	jd	5	0	8700	5.1	1	czzgm14658dyy153	20190105
7097	pinduoduo	5	0	3900	3.1	1	dmfcf14309mez122	20190105
7098	pinduoduo	15	6	6500	2.2	1	zadwf15004wzw186	20190105
7099	chanel	5	0	5800	2.1	2	ghxah14173whz155	20190105
