2500	huawei	5	0	7300	1.1	1	gcaaa14686edd166	20190102
2501	apple	5	0	2400	3.1	2	agdzh14294ffy163	20190102
2502	huawei	5	0	9000	3.1	1	zgehd14165xmm126	20190102
2503	jd	15	4	5500	1.1	2	ygxgx14727hgg180	20190102
2504	maotai	15	6	5500	2.2	1	fgyff15794fch148	20190102
2505	huawei	15	5	9100	2.1	1	xchhg13898wmm163	20190102
2506	baojie	15	4	2400	2.2	2	cwawd14617xdx139	20190102
2507	baojie	15	1	6500	2.1	1	zdcay14283gyw186	20190102
2508	pinduoduo	5	0	8700	2.2	1	dxhhx15812mah168	20190102
2509	apple	15	2	3300	2.2	1	cdgcy13976dam189	20190102
2510	jd	15	1	8200	1.2	2	cdyzm13892yec164	20190102
2511	maotai	5	0	2600	5.1	1	dgemh14427cdg163	20190102
2512	baojie	5	0	2900	1.2	1	wwzdm14028eem126	20190102
2513	chanel	15	5	1000	2.1	1	aygzf15797ghw167	20190102
2514	baojie	5	0	0000	6.1	1	awaze15666dxz122	20190102
2515	huawei	15	5	2200	1.2	1	hgyyw15404xag175	20190102
2516	pinduoduo	15	3	7700	1.2	1	gygzf15213xdg163	20190102
2517	chanel	15	3	8500	2.1	2	mcymw14321amm163	20190102
2518	jd	5	0	9000	1.2	2	hwcwa14121gzg179	20190102
2519	apple	15	1	1100	1.1	1	ehmge15617ffg166	20190102
2520	chanel	5	0	9100	4.1	1	hxmdz14570way192	20190102
2521	jd	5	0	2200	2.1	1	fhyzh14763fyw141	20190102
2522	maotai	15	1	1200	2.1	1	dxmxy14224dew193	20190102
2523	lv	5	0	6100	2.2	2	fwafg13984zey165	20190102
2524	pinduoduo	15	6	9000	1.1	2	zcaah14356xyf139	20190102
2525	chanel	5	0	4900	4.1	1	eagca15094hca118	20190102
2526	pinduoduo	5	0	1000	3.1	2	wdxmf14312mgc164	20190102
2527	maotai	5	0	1600	1.2	1	waefm13951haz128	20190102
2528	chanel	15	5	3300	2.1	1	gazwc15044gmx178	20190102
2529	apple	15	1	8200	1.2	2	ahfdx15160cgz122	20190102
2530	pinduoduo	15	3	8200	2.2	1	cdcyy15516ecx165	20190102
2531	baojie	15	3	3600	2.1	1	ahwmy14960czy137	20190102
2532	microsoft	15	5	1000	2.1	1	fmcyc15279gde178	20190102
2533	baojie	5	0	0000	4.1	1	dzzgm14017egh121	20190102
2534	xiaomi	15	3	2600	2.1	2	adddz13838haz128	20190102
2535	apple	15	2	4900	1.2	2	waayh15460dxz126	20190102
2536	pinduoduo	15	5	3000	2.1	2	zgwem14174mfw122	20190102
2537	microsoft	15	4	4500	1.1	2	zfmaa15649aeg136	20190102
2538	maotai	15	1	2400	2.1	2	dcgwa15297yxd143	20190102
2539	chanel	15	3	2400	1.1	1	mfdxm14736dyx125	20190102
2540	jd	15	1	8200	1.2	2	cfzmf14832eea185	20190102
2541	huawei	5	0	3300	6.1	1	hczge15523mxg151	20190102
2542	microsoft	5	0	5800	2.1	2	whyfe15297hfw176	20190102
2543	huawei	5	0	3300	6.1	1	wdwyx15788ywm130	20190102
2544	pinduoduo	5	0	9100	3.1	1	zgcze14674afc161	20190102
2545	jd	15	6	2900	1.1	1	xahza14508agy178	20190102
2546	lv	5	0	7900	5.1	1	wgyed14822dfd179	20190102
2547	xiaomi	5	0	6500	4.1	1	gzfem15566dme143	20190102
2548	jd	5	0	6500	4.1	2	dmcfg15333hzw150	20190102
2549	lv	5	0	7000	2.1	1	dgezf14954zxy139	20190102
2550	pinduoduo	5	0	9000	1.1	2	cdwzy14325zhd186	20190102
2551	maotai	5	0	9200	3.1	1	hyfdf14719acf121	20190102
2552	pinduoduo	15	5	6100	2.2	1	yezem14423gxa142	20190102
2553	apple	15	5	6400	2.1	1	dyayg14002axf130	20190102
2554	lv	15	4	1600	2.1	1	aaade15247hfd145	20190102
2555	microsoft	15	3	6100	1.1	1	damdx15339ygx130	20190102
2556	microsoft	5	0	7000	1.1	1	ahgcx13839gdw123	20190102
2557	lv	15	2	9200	2.2	1	xhxge15732zyf141	20190102
2558	jd	5	0	4900	3.1	2	mchzy14177efd177	20190102
2559	microsoft	15	4	4900	2.1	1	xwmmg14227mxd180	20190102
2560	chanel	15	5	8800	2.2	1	eawyc14849hdz179	20190102
2561	lv	15	5	7300	2.1	1	xyfyz14347zxf150	20190102
2562	jd	5	0	5800	6.1	1	yfyga15026waw155	20190102
2563	xiaomi	15	5	3000	1.2	1	xxzdx15638axx132	20190102
2564	jd	5	0	4500	6.1	2	hhwyz15305dxe186	20190102
2565	pinduoduo	15	1	1000	2.1	1	gcmdc15103hza156	20190102
2566	chanel	5	0	2600	2.1	2	afdyy15699xfd140	20190102
2567	chanel	15	6	2400	2.2	1	azhwg14471acf119	20190102
2568	maotai	5	0	6500	1.2	2	czgwz15052zfw174	20190102
2569	apple	15	5	2200	2.2	1	ezadg13934dyx117	20190102
2570	maotai	15	1	8700	1.2	1	cazmf15539dfg169	20190102
2571	xiaomi	15	3	1600	2.2	1	cfewd15597acy124	20190102
2572	apple	5	0	8200	6.1	1	wdcxe15195czh186	20190102
2573	maotai	15	3	3600	2.1	1	dcfhy15484mec158	20190102
2574	apple	15	4	3300	1.2	2	cexcf15521mgx171	20190102
2575	microsoft	5	0	8500	1.2	2	hhama14411mfx120	20190102
2576	chanel	15	4	3600	2.2	2	gfawz14258fhe158	20190102
2577	maotai	15	5	3600	2.2	2	yyywm14475hmw154	20190102
2578	chanel	5	0	3000	1.2	1	zaydz14953wdc146	20190102
2579	jd	5	0	6500	5.1	1	xcaza14490ygd132	20190102
2580	jd	5	0	4200	6.1	1	wacgm15479xxc160	20190102
2581	xiaomi	15	4	8500	1.1	1	zedgw14620ccx129	20190102
2582	lv	15	6	1900	2.1	2	ehdmz14565gyg150	20190102
2583	maotai	15	4	2400	1.1	1	yxxme14718dzy154	20190102
2584	maotai	15	2	0000	1.1	2	xfecy15280zdc167	20190102
2585	lv	15	6	1900	2.2	1	aefcd14877hfy173	20190102
2586	baojie	5	0	3900	2.2	1	hchgx15173wxe120	20190102
2587	huawei	5	0	1000	3.1	2	wwywz14687ayw122	20190102
2588	lv	5	0	4500	1.2	1	yzhhh15064ccf136	20190102
2589	baojie	15	6	1200	1.1	2	fychw14430zhg174	20190102
2590	chanel	15	6	4900	1.2	1	mxwaz14561gwz149	20190102
2591	microsoft	15	5	1600	1.2	1	fmwmd13816amg180	20190102
2592	apple	15	2	8500	1.2	1	zmmxe14195yaa139	20190102
2593	lv	5	0	8500	4.1	1	hzhaa14313awe150	20190102
2594	huawei	5	0	9000	3.1	1	aaaac15759fdy189	20190102
2595	chanel	15	6	8500	1.2	1	yhmzd14707hyw133	20190102
2596	pinduoduo	15	6	8500	2.2	1	ydmyg14043axw122	20190102
2597	xiaomi	15	3	4500	2.1	1	gezzd15820hcf177	20190102
2598	jd	5	0	4900	1.1	1	dzeaz15490emm162	20190102
2599	baojie	15	4	1100	1.1	1	hghmf14684xmx124	20190102
2600	pinduoduo	5	0	8800	3.1	1	hmmgw13905eem127	20190102
2601	apple	5	0	1900	6.1	1	gcaaa14686edd166	20190102
2602	jd	15	4	6100	1.1	1	gxymx14530dca165	20190102
2603	xiaomi	15	1	6500	2.2	1	eawyc14849hdz179	20190102
2604	chanel	5	0	8800	2.2	2	gymcg14203xme122	20190102
2605	apple	15	4	3900	1.2	1	afdyy15699xfd140	20190102
2606	lv	15	3	6100	2.2	1	zcmgf15594mfm117	20190102
2607	pinduoduo	15	3	3000	2.2	1	ahwmy14960czy137	20190102
2608	baojie	5	0	2600	3.1	2	ccmhh15288xgw174	20190102
2609	jd	5	0	0000	2.1	1	ehmge15617ffg166	20190102
2610	maotai	5	0	5800	4.1	2	ywhfd14830fey125	20190102
2611	chanel	5	0	8200	1.2	1	fychw14430zhg174	20190102
2612	pinduoduo	5	0	7300	1.1	1	dagdd13911cmh192	20190102
2613	maotai	15	6	1000	1.1	1	wdcxe15195czh186	20190102
2614	pinduoduo	15	5	8500	2.2	1	zycag15487emx191	20190102
2615	apple	5	0	6500	2.2	1	wgyed14822dfd179	20190102
2616	huawei	5	0	1900	1.1	1	xzmhz14093yxh166	20190102
2617	xiaomi	5	0	1100	3.1	2	fmwmd13816amg180	20190102
2618	huawei	5	0	3300	1.1	1	aewcx14125gcd159	20190102
2619	baojie	5	0	2400	5.1	2	yyywm14475hmw154	20190102
2620	pinduoduo	5	0	1100	2.2	1	ygcgw15470hee195	20190102
2621	baojie	15	5	3000	1.2	1	dxmxy14224dew193	20190102
2622	microsoft	5	0	9200	5.1	2	eyycc13820hce151	20190102
2623	maotai	15	1	5800	1.2	1	zgwem14174mfw122	20190102
2624	chanel	15	2	7000	2.2	1	magxm15749fce131	20190102
2625	apple	15	1	9100	2.1	2	aefcd14877hfy173	20190102
2626	xiaomi	15	2	4500	1.2	2	wfyam14759ddh121	20190102
2627	chanel	5	0	9000	2.2	1	aefcd14877hfy173	20190102
2628	baojie	5	0	9200	2.1	1	ccmhh15288xgw174	20190102
2629	jd	15	2	8800	2.1	2	xcaza14490ygd132	20190102
2630	pinduoduo	5	0	4500	3.1	1	fzhwz14373yyh117	20190102
2631	apple	15	4	1900	2.2	2	hyfdf14719acf121	20190102
2632	maotai	15	6	7000	2.1	1	fxmdf15218gha185	20190102
2633	maotai	15	3	9200	1.1	1	gcmdc15103hza156	20190102
2634	huawei	5	0	6500	4.1	1	gydhc14140cwx156	20190102
2635	pinduoduo	5	0	7700	5.1	1	yyywm14475hmw154	20190102
2636	microsoft	15	2	6500	1.1	2	zwdwg15548ghx147	20190102
2637	baojie	5	0	6500	1.2	1	aaade15247hfd145	20190102
2638	pinduoduo	15	4	2600	1.1	2	ecwhc13891fmw190	20190102
2639	jd	15	3	6100	2.2	1	dcfhy15484mec158	20190102
2640	baojie	15	1	7900	1.2	2	xzdyw14528mam157	20190102
2641	pinduoduo	5	0	1900	1.1	1	dcgwa15297yxd143	20190102
2642	xiaomi	5	0	2900	6.1	1	zaewc15771cah166	20190102
2643	microsoft	5	0	9100	6.1	2	azhwg14471acf119	20190102
2644	pinduoduo	15	6	2400	2.2	1	yzhxz14670xww171	20190102
2645	maotai	15	6	2400	1.2	1	zfmaa15649aeg136	20190102
2646	jd	5	0	8800	5.1	1	xzeyy13963ezw152	20190102
2647	microsoft	15	1	2400	2.2	2	cwawd14617xdx139	20190102
2648	microsoft	5	0	3000	1.2	1	mzddy14386afg178	20190102
2649	apple	5	0	7000	2.2	1	waefm13951haz128	20190102
2650	jd	5	0	8200	3.1	1	wwcef14899xwh138	20190102
2651	chanel	15	4	6100	1.1	1	afdyy15699xfd140	20190102
2652	jd	5	0	9200	1.1	2	zcyhg15717fcy138	20190102
2653	xiaomi	5	0	6100	3.1	1	xahza14508agy178	20190102
2654	xiaomi	15	2	1200	2.1	1	zxgea15024hdd121	20190102
2655	microsoft	5	0	5200	5.1	1	xxzdx15638axx132	20190102
2656	huawei	5	0	0000	2.2	1	mdemf15747ymh141	20190102
2657	jd	5	0	3300	3.1	2	dxmxy14224dew193	20190102
2658	huawei	5	0	1600	6.1	1	fxxge13848fem131	20190102
2659	jd	5	0	8700	5.1	1	dgezf14954zxy139	20190102
2660	jd	5	0	3900	3.1	2	wamdf14795yhh146	20190102
2661	huawei	5	0	6400	4.1	1	mcymw14321amm163	20190102
2662	chanel	5	0	1600	2.2	1	dzxxc14168cxw133	20190102
2663	apple	5	0	0000	2.2	1	cdgcy13976dam189	20190102
2664	baojie	15	2	3600	1.2	2	afcyy14737hzx125	20190102
2665	lv	5	0	2900	2.1	1	ehmge15617ffg166	20190102
2666	microsoft	15	4	2400	1.1	1	xwwme14938zyx124	20190102
2667	chanel	15	2	3600	2.1	1	hzhaa14313awe150	20190102
2668	baojie	15	5	7700	2.2	1	gydyz13929dff127	20190102
2669	microsoft	15	1	5200	1.1	1	wwzdm14028eem126	20190102
2670	chanel	5	0	5800	1.1	1	gfxzx15073hzx131	20190102
2671	baojie	5	0	4200	5.1	2	mchzy14177efd177	20190102
2672	baojie	5	0	7000	1.1	1	wfyam14759ddh121	20190102
2673	microsoft	5	0	4900	2.1	1	yezem14423gxa142	20190102
2674	maotai	15	6	8500	2.2	1	agzmy15500hmc128	20190102
2675	pinduoduo	15	6	2900	1.1	1	gygzf15213xdg163	20190102
2676	maotai	15	1	2400	2.1	2	xffhd15798mhg189	20190102
2677	jd	15	1	9100	2.2	1	gcmdc15103hza156	20190102
2678	maotai	15	5	5500	1.1	2	czmwy15058xay193	20190102
2679	jd	15	5	7300	2.2	1	aygzf15797ghw167	20190102
2680	chanel	5	0	1000	2.1	2	gdach15400hew159	20190102
2681	xiaomi	5	0	9200	2.2	1	zgehd14165xmm126	20190102
2682	microsoft	5	0	7000	4.1	2	gzmgy13802dxw167	20190102
2683	jd	15	6	8700	2.2	1	ahfdx15160cgz122	20190102
2684	chanel	5	0	1900	1.2	1	cccya15654zzg189	20190102
2685	lv	15	2	7300	1.2	2	zgcze14674afc161	20190102
2686	microsoft	15	5	5500	2.1	1	ggche14913fam171	20190102
2687	apple	15	2	5200	1.2	2	zcaah14356xyf139	20190102
2688	pinduoduo	5	0	5200	3.1	1	hfgaw14981wfc122	20190102
2689	microsoft	15	6	1200	2.1	1	gygzf15213xdg163	20190102
2690	lv	15	5	6500	2.2	2	cweec15676zha156	20190102
2691	jd	15	6	8700	2.1	2	mchzy14177efd177	20190102
2692	pinduoduo	15	2	6400	2.2	2	cfzwc14596eax164	20190102
2693	huawei	5	0	5800	2.2	1	dxmxy14224dew193	20190102
2694	maotai	15	2	2200	1.2	1	hxxff13797cxe151	20190102
2695	maotai	5	0	7300	6.1	1	aygzf15797ghw167	20190102
2696	microsoft	5	0	5800	4.1	1	mcemh15629zfm128	20190102
2697	baojie	15	1	6100	1.2	2	gzfem15566dme143	20190102
2698	pinduoduo	5	0	0000	6.1	2	mheac15549xyx151	20190102
2699	chanel	5	0	8200	5.1	1	xfecy15280zdc167	20190102
2700	pinduoduo	15	3	2600	2.2	2	hycex14332fgf186	20190102
2701	jd	15	4	4500	1.2	2	zfmaa15649aeg136	20190102
2702	huawei	5	0	0000	1.2	1	cdxcz14824dmh187	20190102
2703	microsoft	5	0	9100	4.1	1	dcfhy15484mec158	20190102
2704	apple	15	3	3900	2.1	2	fxmwa14556wfz129	20190102
2705	huawei	5	0	3600	3.1	1	xwmmg14227mxd180	20190102
2706	pinduoduo	15	2	4200	1.2	1	axdyw14390cxg147	20190102
2707	baojie	15	6	7900	2.2	1	yezem14423gxa142	20190102
2708	huawei	5	0	4200	2.2	2	xewxx15566fwa141	20190102
2709	lv	15	4	6500	2.1	1	gezzd15820hcf177	20190102
2710	huawei	5	0	9000	6.1	1	xygey15349mhd151	20190102
2711	apple	5	0	1200	1.1	1	xfecy15280zdc167	20190102
2712	microsoft	5	0	3300	5.1	2	agmex13975gde125	20190102
2713	huawei	5	0	0000	1.2	1	mfdxm14736dyx125	20190102
2714	xiaomi	5	0	4500	2.1	1	mxafd15783mha190	20190102
2715	apple	5	0	2900	2.2	2	yxxme14718dzy154	20190102
2716	xiaomi	5	0	8800	6.1	1	ycecx15411yeg167	20190102
2717	pinduoduo	15	4	7000	1.2	2	wdwyx15788ywm130	20190102
2718	microsoft	5	0	3600	2.2	1	gxcga15726zhw158	20190102
2719	pinduoduo	5	0	1000	1.2	1	cdcyy15516ecx165	20190102
2720	baojie	15	3	4200	1.1	2	zchde14085gaf186	20190102
2721	microsoft	15	3	1000	1.2	2	xyfyz14347zxf150	20190102
2722	baojie	15	2	5500	2.1	1	chfcd15281azx176	20190102
2723	huawei	5	0	3300	1.2	2	aefcd14877hfy173	20190102
2724	pinduoduo	5	0	6500	5.1	1	gmhxa14165zgx129	20190102
2725	baojie	15	3	4200	2.2	1	gzfem15566dme143	20190102
2726	apple	15	1	3900	2.1	2	xwwme14938zyx124	20190102
2727	chanel	5	0	4900	1.2	1	hhama14411mfx120	20190102
2728	baojie	15	4	5200	2.2	1	zhxhc15195gww194	20190102
2729	huawei	5	0	2400	2.1	1	wwywz14687ayw122	20190102
2730	jd	15	6	7300	2.2	1	ymxhd15393zya141	20190102
2731	apple	15	3	2900	2.1	1	ydmyg14043axw122	20190102
2732	chanel	15	6	5800	2.2	1	hghym15130wah154	20190102
2733	chanel	15	5	7000	2.2	2	hxmdz14570way192	20190102
2734	microsoft	15	3	7900	2.1	1	yawfy15356cmg156	20190102
2735	xiaomi	15	1	2400	1.2	1	eagca15094hca118	20190102
2736	xiaomi	5	0	9000	6.1	2	egmmz14692czc164	20190102
2737	chanel	15	4	9200	1.2	1	zmmxe14195yaa139	20190102
2738	chanel	5	0	3000	3.1	2	xzcwx15298dfm140	20190102
2739	microsoft	5	0	7700	5.1	2	eawyc14849hdz179	20190102
2740	microsoft	5	0	2900	3.1	1	xhffm14986fxa133	20190102
2741	lv	5	0	1100	4.1	2	mchzy14177efd177	20190102
2742	apple	5	0	2600	2.1	2	yhadf13819gyy130	20190102
2743	lv	5	0	5500	5.1	1	mxwaz14561gwz149	20190102
2744	xiaomi	15	4	2900	2.1	1	dhgfe14725dmz182	20190102
2745	lv	15	6	2600	1.1	1	wwzdm14028eem126	20190102
2746	lv	5	0	8500	3.1	1	dwcwe14910fda138	20190102
2747	baojie	15	5	5800	2.2	1	wgyed14822dfd179	20190102
2748	huawei	15	1	6400	1.1	1	deeda14947afc179	20190102
2749	maotai	5	0	4500	2.1	1	zcaah14356xyf139	20190102
2750	jd	5	0	1200	3.1	1	mxxza14592adz135	20190102
2751	apple	15	2	9100	2.1	2	eagca15094hca118	20190102
2752	maotai	5	0	7700	3.1	1	wgmgw14864czd158	20190102
2753	jd	5	0	5200	1.2	1	gezzd15820hcf177	20190102
2754	pinduoduo	5	0	5200	1.1	1	faaam14634mgm167	20190102
2755	lv	5	0	0000	2.1	1	xcaza14490ygd132	20190102
2756	jd	5	0	7700	1.2	2	ahgag15216yzy182	20190102
2757	jd	5	0	3600	1.1	2	hhama14411mfx120	20190102
2758	maotai	15	3	2600	2.2	1	ecwha13867hxm120	20190102
2759	microsoft	5	0	1200	1.2	2	hhwyz15305dxe186	20190102
2760	apple	5	0	9100	2.2	2	zzezm15774cxy150	20190102
2761	pinduoduo	15	5	8800	2.1	1	xfecy15280zdc167	20190102
2762	jd	15	6	8700	2.1	1	exxcg15770hcm157	20190102
2763	jd	15	2	4200	2.2	1	fmwmd13816amg180	20190102
2764	pinduoduo	5	0	8700	2.1	1	mhdmh15260edy145	20190102
2765	maotai	15	3	7000	1.2	2	cazmf15539dfg169	20190102
2766	huawei	5	0	3600	2.2	1	mwhya14905ddc122	20190102
2767	baojie	15	4	1600	1.1	2	cdgcy13976dam189	20190102
2768	pinduoduo	15	5	5200	2.2	2	ewccm15306aae152	20190102
2769	xiaomi	15	2	2900	1.2	2	xcaza14490ygd132	20190102
2770	apple	15	5	8200	2.1	1	yafdx15439xgh195	20190102
2771	jd	15	1	2400	2.1	2	hxmdz14570way192	20190102
2772	xiaomi	5	0	1900	1.1	1	xcdxa14586fea180	20190102
2773	pinduoduo	15	4	9000	2.1	1	damdx15339ygx130	20190102
2774	baojie	15	5	0000	1.1	1	dhgfe14725dmz182	20190102
2775	maotai	15	5	4200	2.1	1	dxmxy14224dew193	20190102
2776	microsoft	5	0	2900	4.1	1	mggec14716gma118	20190102
2777	pinduoduo	5	0	1600	6.1	2	awaze15666dxz122	20190102
2778	jd	15	2	4200	2.1	1	xzdyw14528mam157	20190102
2779	apple	15	6	7300	1.2	2	ahwmy14960czy137	20190102
2780	xiaomi	15	1	1100	1.2	1	weagc15787geg180	20190102
2781	baojie	15	5	8200	2.1	1	fmwmd13816amg180	20190102
2782	jd	15	3	9100	1.1	1	afdae13877zcc170	20190102
2783	huawei	5	0	9200	6.1	1	waayh15460dxz126	20190102
2784	baojie	15	4	6500	1.2	1	ehxhf15434zez136	20190102
2785	xiaomi	5	0	2200	2.2	1	zedgw14620ccx129	20190102
2786	xiaomi	15	5	8800	1.1	1	fmweg14154ymg136	20190102
2787	baojie	15	4	1900	2.1	2	fgyff15794fch148	20190102
2788	jd	5	0	9000	3.1	1	hxxff13797cxe151	20190102
2789	jd	5	0	9000	2.1	1	fmcyc15279gde178	20190102
2790	chanel	15	2	9100	2.2	2	fxhxe15152hae177	20190102
2791	chanel	15	5	4200	1.1	2	wgyed14822dfd179	20190102
2792	baojie	15	1	5200	1.2	1	fzhwz14373yyh117	20190102
2793	apple	15	4	1000	2.1	1	wgyed14822dfd179	20190102
2794	chanel	5	0	2200	5.1	1	dmwfg15473zfh173	20190102
2795	lv	15	6	6500	1.1	2	dzeaz15490emm162	20190102
2796	apple	5	0	4900	2.2	1	zfcgc14475ydd183	20190102
2797	microsoft	15	5	3600	1.1	2	hghmf14684xmx124	20190102
2798	xiaomi	5	0	2200	6.1	1	emmag14779ddx183	20190102
2799	microsoft	15	5	7300	2.1	1	xyfyz14347zxf150	20190102
2800	xiaomi	15	1	8700	2.2	2	ycmfh14227xez159	20190102
2801	xiaomi	15	2	8500	2.1	1	dcgwa15297yxd143	20190102
2802	maotai	15	3	3600	2.1	2	xzdyw14528mam157	20190102
2803	lv	15	2	1200	1.2	2	waefm13951haz128	20190102
2804	chanel	5	0	4900	1.2	1	hydww15654gxh139	20190102
2805	microsoft	15	4	9000	1.2	2	zaydz14953wdc146	20190102
2806	baojie	5	0	8500	1.2	2	egxyx14003wym131	20190102
2807	apple	15	2	1100	1.1	1	cdwzy14325zhd186	20190102
2808	apple	15	6	7300	1.1	2	aheef15156emy158	20190102
2809	baojie	5	0	1600	1.2	1	fwafg13984zey165	20190102
2810	maotai	5	0	4500	1.2	1	fxmwa14556wfz129	20190102
2811	baojie	15	2	1000	1.1	2	cfzmf14832eea185	20190102
2812	maotai	15	2	3300	2.2	1	yfexm14230cax155	20190102
2813	maotai	5	0	4900	3.1	1	wwzdm14028eem126	20190102
2814	baojie	15	5	5500	1.1	1	ezwch13893fdx148	20190102
2815	jd	15	3	9000	2.1	1	gezzd15820hcf177	20190102
2816	xiaomi	15	5	1600	1.2	1	dhmza15591mca168	20190102
2817	lv	5	0	1900	5.1	1	hghmf14684xmx124	20190102
2818	xiaomi	15	4	7000	2.1	1	cydgh15682cdm148	20190102
2819	chanel	5	0	8500	2.1	2	wdwyx15788ywm130	20190102
2820	microsoft	15	4	9200	2.1	2	yydgy14974ayx146	20190102
2821	maotai	5	0	9000	5.1	1	fhyzh14763fyw141	20190102
2822	lv	5	0	7900	4.1	2	cchcg14814mzy189	20190102
2823	chanel	15	2	5800	1.2	2	zgehd14165xmm126	20190102
2824	baojie	15	2	1100	2.2	1	cexax15749ewc155	20190102
2825	maotai	15	1	4200	2.2	1	aygzf15797ghw167	20190102
2826	apple	15	5	2600	2.2	2	amyax14359aze165	20190102
2827	maotai	15	6	1100	1.1	1	yezem14423gxa142	20190102
2828	apple	5	0	6500	1.2	2	cehgy15444yme150	20190102
2829	apple	15	6	1600	1.2	2	wdcxe15195czh186	20190102
2830	apple	5	0	6500	3.1	2	zacmm15234hcz178	20190102
2831	pinduoduo	15	6	9100	1.2	2	zdcay14283gyw186	20190102
2832	baojie	15	4	1000	1.2	1	yyfzx14455ycz167	20190102
2833	baojie	5	0	3900	5.1	1	dcgwa15297yxd143	20190102
2834	chanel	5	0	1200	1.2	1	hzxwf15121wdd163	20190102
2835	pinduoduo	15	1	3600	2.1	2	czgwz15052zfw174	20190102
2836	jd	5	0	8200	6.1	1	wmadc15275wcy186	20190102
2837	apple	15	4	1200	2.2	2	hwcwa14121gzg179	20190102
2838	xiaomi	15	6	3000	2.2	1	ehxaa14446wag172	20190102
2839	lv	5	0	9200	1.1	1	cdyzm13892yec164	20190102
2840	apple	15	3	5500	1.2	2	gffzy14546wga195	20190102
2841	maotai	5	0	1600	2.2	1	dcgwa15297yxd143	20190102
2842	jd	15	6	8800	2.2	1	xcyxg14537ezh178	20190102
2843	huawei	5	0	7000	1.2	2	fmwmd13816amg180	20190102
2844	maotai	15	2	2200	1.2	1	xhdwg15616mad154	20190102
2845	maotai	15	3	8500	1.2	2	fwafg13984zey165	20190102
2846	chanel	15	1	0000	1.2	2	yxfmz15065cmm130	20190102
2847	lv	15	6	9200	1.1	2	wdcxe15195czh186	20190102
2848	jd	15	4	3000	1.2	1	cdewg13908dhf117	20190102
2849	lv	15	2	4900	1.1	1	gygzf15213xdg163	20190102
2850	jd	15	3	2600	1.1	1	wfyam14759ddh121	20190102
2851	lv	5	0	1100	2.1	2	damdx15339ygx130	20190102
2852	chanel	5	0	1900	1.1	1	xzzwa14390zme134	20190102
2853	lv	5	0	9200	2.1	1	hghmf14684xmx124	20190102
2854	maotai	5	0	4900	2.1	1	mhamh15194cwx145	20190102
2855	jd	5	0	1200	2.1	1	wacgm15479xxc160	20190102
2856	apple	5	0	6500	5.1	2	mdwha14236gyg187	20190102
2857	jd	5	0	5200	6.1	2	ahwmy14960czy137	20190102
2858	huawei	5	0	8700	2.2	1	cymaw14293xfw187	20190102
2859	baojie	15	1	2600	2.2	1	fmcyc15279gde178	20190102
2860	baojie	15	6	1600	1.1	2	ymfzf13902wyz119	20190102
2861	baojie	15	6	5200	2.2	2	dgezf14954zxy139	20190102
2862	microsoft	5	0	7000	1.1	1	wmccx14677mxw177	20190102
2863	huawei	5	0	3900	6.1	1	zfmaa15649aeg136	20190102
2864	maotai	5	0	8200	3.1	2	mczzc15799adf119	20190102
2865	jd	5	0	9000	5.1	1	awaze15666dxz122	20190102
2866	apple	15	2	3900	2.1	1	wccgx14694fdf150	20190102
2867	lv	5	0	6500	3.1	1	dcgwa15297yxd143	20190102
2868	microsoft	15	5	1200	2.1	2	zegcy15072exm191	20190102
2869	xiaomi	5	0	5200	6.1	1	fhyzh14763fyw141	20190102
2870	chanel	5	0	6400	2.2	1	yxhya15462eza138	20190102
2871	maotai	5	0	7900	2.1	1	aygzf15797ghw167	20190102
2872	microsoft	15	4	8500	2.2	1	wyzxz14950xfm181	20190102
2873	jd	5	0	3000	4.1	1	zmmxe14195yaa139	20190102
2874	huawei	15	5	7900	2.1	1	ahdde14627hzm163	20190102
2875	microsoft	15	4	1100	2.2	1	fmcyc15279gde178	20190102
2876	xiaomi	15	2	2200	2.2	2	zazcd15387fhh148	20190102
2877	lv	15	3	1200	1.1	2	hghmf14684xmx124	20190102
2878	maotai	15	6	1900	1.2	2	dyxdc14672zhg154	20190102
2879	maotai	5	0	8500	1.1	1	hghmf14684xmx124	20190102
2880	xiaomi	15	1	3000	1.2	2	ggche14913fam171	20190102
2881	apple	5	0	4200	1.2	1	xahza14508agy178	20190102
2882	chanel	5	0	3900	2.2	1	wfeda15458cya145	20190102
2883	apple	15	6	3300	2.1	1	ahgcx13839gdw123	20190102
2884	microsoft	5	0	8700	5.1	2	mxxza14592adz135	20190102
2885	microsoft	15	1	3600	2.2	1	xfecy15280zdc167	20190102
2886	apple	5	0	1200	1.1	1	mdxfa14947wma175	20190102
2887	apple	5	0	2900	1.1	1	azhwg14471acf119	20190102
2888	chanel	5	0	7700	5.1	2	zegmy14314hmm173	20190102
2889	xiaomi	5	0	1200	1.1	2	cfewd15597acy124	20190102
2890	huawei	15	6	9000	1.2	1	hzxwf15121wdd163	20190102
2891	xiaomi	5	0	6400	3.1	1	yxxme14718dzy154	20190102
2892	pinduoduo	5	0	7900	2.2	2	zgcfy14652fac122	20190102
2893	xiaomi	15	3	2600	1.2	1	hyfdf14719acf121	20190102
2894	xiaomi	15	2	2200	2.2	1	cdxcz14824dmh187	20190102
2895	jd	5	0	4500	3.1	2	dgemh14427cdg163	20190102
2896	microsoft	15	2	2200	1.1	1	ezdwm14948dym187	20190102
2897	xiaomi	5	0	7900	5.1	1	wwzdm14028eem126	20190102
2898	apple	15	1	8200	2.1	2	hgwfm14913eeg176	20190102
2899	baojie	15	6	6400	1.2	1	afdyy15699xfd140	20190102
2900	baojie	5	0	3600	2.2	2	cdwwm14702cey140	20190102
2901	baojie	5	0	2200	3.1	1	yzhhh15064ccf136	20190102
2902	baojie	15	5	6500	1.1	2	aexwf13807ycg174	20190102
2903	microsoft	5	0	7700	2.1	2	yzhhh15064ccf136	20190102
2904	chanel	5	0	3900	1.2	1	zhyhd14175zcx131	20190102
2905	maotai	5	0	1100	5.1	2	cazmf15539dfg169	20190102
2906	jd	15	4	3000	2.2	1	magxm15749fce131	20190102
2907	chanel	15	5	3900	1.1	2	ehdmz14565gyg150	20190102
2908	lv	5	0	4900	1.1	1	zhyxf14787zmx163	20190102
2909	lv	5	0	5800	3.1	2	aaade15247hfd145	20190102
2910	lv	15	2	7300	1.2	1	gyymz15327fca122	20190102
2911	huawei	15	6	6500	1.2	1	adddz13838haz128	20190102
2912	microsoft	15	5	4900	1.2	1	dhmae14042awe129	20190102
2913	lv	5	0	6500	2.1	1	hwcwa14121gzg179	20190102
2914	jd	15	5	1100	2.1	1	eeamx15505xmx148	20190102
2915	chanel	15	6	2900	2.2	1	cwawd14617xdx139	20190102
2916	pinduoduo	5	0	5800	1.1	2	hmaww14851eyd192	20190102
2917	jd	15	6	2600	1.2	1	gfawz14258fhe158	20190102
2918	huawei	15	3	1600	1.1	1	dwggw14849mxf190	20190102
2919	maotai	15	5	6500	2.2	1	wacgm15479xxc160	20190102
2920	huawei	5	0	1600	3.1	1	gadea14137hdg130	20190102
2921	xiaomi	5	0	1100	1.1	2	dzeaz15490emm162	20190102
2922	pinduoduo	5	0	8800	6.1	2	wagdc15522zaz186	20190102
2923	baojie	5	0	7700	1.1	2	fmcyc15279gde178	20190102
2924	microsoft	15	4	9100	1.2	1	wgwww13912xcw146	20190102
2925	chanel	15	2	9000	2.1	1	gazwc15044gmx178	20190102
2926	maotai	15	5	3000	1.1	1	xzfhc15818dah168	20190102
2927	huawei	15	3	2600	2.2	1	afdyy15699xfd140	20190102
2928	baojie	5	0	4900	4.1	2	dhgfe14725dmz182	20190102
2929	microsoft	5	0	2900	2.2	1	hxmdz14570way192	20190102
2930	maotai	5	0	8500	6.1	1	mfchx14220wha123	20190102
2931	jd	15	5	7700	2.1	1	wgyed14822dfd179	20190102
2932	pinduoduo	5	0	5500	5.1	2	hahcw15182mdh133	20190102
2933	apple	15	2	6500	1.2	2	yezem14423gxa142	20190102
2934	apple	15	2	8500	2.1	1	dyxaa15827fzh122	20190102
2935	maotai	5	0	8200	2.2	2	yzhhh15064ccf136	20190102
2936	microsoft	15	1	7300	1.2	1	gxmxh15227ezc150	20190102
2937	chanel	15	6	4900	2.1	1	czgwz15052zfw174	20190102
2938	maotai	5	0	7300	1.1	1	amagx13889cgc189	20190102
2939	jd	5	0	6100	2.1	2	zcaah14356xyf139	20190102
2940	huawei	5	0	6400	4.1	2	wzfyx14116ghh163	20190102
2941	xiaomi	5	0	6500	2.2	1	gzfem15566dme143	20190102
2942	baojie	5	0	5800	2.2	1	ezdwm14948dym187	20190102
2943	jd	5	0	7300	6.1	2	aaaac15759fdy189	20190102
2944	microsoft	15	4	0000	2.2	2	ygchy14141mmg146	20190102
2945	baojie	15	5	8800	1.1	1	cazmf15539dfg169	20190102
2946	baojie	15	3	2200	2.2	2	ymfzf13902wyz119	20190102
2947	xiaomi	5	0	9200	2.2	2	adddz13838haz128	20190102
2948	apple	15	3	9200	1.2	2	exyce14010ddw153	20190102
2949	apple	5	0	8200	2.2	1	gcmdc15103hza156	20190102
2950	apple	5	0	3900	6.1	1	gmfda14840yma158	20190102
2951	maotai	5	0	4500	6.1	2	mchzy14177efd177	20190102
2952	jd	15	1	5500	2.1	1	aywde14550feg131	20190102
2953	apple	5	0	6500	3.1	2	xyfyz14347zxf150	20190102
2954	maotai	15	1	0000	1.2	1	fxzym14108ewz123	20190102
2955	chanel	5	0	8700	6.1	2	zmmxe14195yaa139	20190102
2956	chanel	5	0	1100	6.1	1	daggy14072hmz169	20190102
2957	baojie	5	0	4900	2.2	2	dxhhx15812mah168	20190102
2958	microsoft	15	6	4900	2.1	2	haxxh14064mxy169	20190102
2959	microsoft	5	0	5500	1.1	1	hczge15523mxg151	20190102
2960	baojie	15	6	0000	1.2	1	wxcda14760zmx193	20190102
2961	xiaomi	5	0	2400	6.1	1	cdcyy15516ecx165	20190102
2962	maotai	5	0	5500	4.1	2	wfyam14759ddh121	20190102
2963	microsoft	15	3	2900	1.2	1	dxhhx15812mah168	20190102
2964	pinduoduo	5	0	7700	2.1	1	exazf14886gae185	20190102
2965	pinduoduo	15	6	3300	1.1	2	zgehd14165xmm126	20190102
2966	maotai	15	6	8800	1.1	1	gmcze15627ywy147	20190102
2967	xiaomi	5	0	8800	1.1	2	cdcyy15516ecx165	20190102
2968	maotai	15	4	7000	1.1	2	exfzm14257axx138	20190102
2969	huawei	5	0	8500	1.2	1	aygzf15797ghw167	20190102
2970	xiaomi	5	0	2600	4.1	1	xzfhc15818dah168	20190102
2971	microsoft	5	0	8800	2.1	2	hyfdf14719acf121	20190102
2972	pinduoduo	15	3	8800	2.1	2	zcydc15290hac154	20190102
2973	apple	5	0	7900	1.2	2	hwcwa14121gzg179	20190102
2974	baojie	15	4	3900	1.2	1	mggec14716gma118	20190102
2975	xiaomi	5	0	6500	6.1	1	mchzy14177efd177	20190102
2976	lv	5	0	2600	2.2	2	zfcgc14475ydd183	20190102
2977	chanel	5	0	6500	1.2	1	cfewd15597acy124	20190102
2978	lv	5	0	3300	1.2	1	haxxh14064mxy169	20190102
2979	xiaomi	5	0	9100	2.2	1	dmcfg15333hzw150	20190102
2980	apple	15	3	5200	2.1	1	dhmfe15567yey122	20190102
2981	chanel	15	2	5500	1.1	2	wdxmf14312mgc164	20190102
2982	chanel	5	0	3900	4.1	2	ywhgg14780wca151	20190102
2983	maotai	15	3	5500	1.2	2	dxhhx15812mah168	20190102
2984	jd	5	0	8200	3.1	1	gmhxa14165zgx129	20190102
2985	maotai	15	5	8800	1.1	2	fgyff15794fch148	20190102
2986	huawei	15	1	1100	2.1	1	cydgh15682cdm148	20190102
2987	apple	5	0	3300	2.2	2	aaade15247hfd145	20190102
2988	maotai	15	5	1600	2.2	1	daggy14072hmz169	20190102
2989	xiaomi	15	6	1200	1.2	1	adddz13838haz128	20190102
2990	pinduoduo	5	0	7000	2.1	2	wcfff15642ymz121	20190102
2991	xiaomi	15	3	8500	1.2	1	fmwmd13816amg180	20190102
2992	apple	15	4	7700	1.2	2	dgfxm14860gef172	20190102
2993	maotai	5	0	5200	1.1	1	ydmyg14043axw122	20190102
2994	huawei	5	0	1200	1.1	1	waggx15140gae118	20190102
2995	maotai	5	0	6400	4.1	1	dcgwa15297yxd143	20190102
2996	huawei	15	6	6100	2.1	1	mgdgy15141xay120	20190102
2997	jd	15	6	2400	1.1	1	fwafg13984zey165	20190102
2998	huawei	5	0	3300	1.1	1	zgcfy14652fac122	20190102
2999	lv	5	0	7000	5.1	2	mxwaz14561gwz149	20190102
3000	microsoft	15	3	6400	1.1	2	dmwca15439zad179	20190102
3001	huawei	5	0	0000	2.1	1	zfmaa15649aeg136	20190102
3002	huawei	5	0	3300	2.2	1	czzfy14497aca190	20190102
3003	huawei	15	6	8500	1.2	1	fmwmd13816amg180	20190102
3004	baojie	15	3	9100	1.2	1	zaewc15771cah166	20190102
3005	jd	5	0	2900	2.2	2	xcaza14490ygd132	20190102
3006	xiaomi	5	0	3000	6.1	2	daggy14072hmz169	20190102
3007	jd	5	0	8800	1.2	1	mxwaz14561gwz149	20190102
3008	pinduoduo	5	0	3300	4.1	2	gdach15400hew159	20190102
3009	lv	15	3	5200	2.2	1	xhxge15732zyf141	20190102
3010	huawei	15	4	1600	2.1	2	hyafa15699xxy131	20190102
3011	jd	15	2	8200	1.2	1	hgyyw15404xag175	20190102
3012	apple	15	4	2600	1.2	1	cfgmw13947dex168	20190102
3013	baojie	5	0	7900	3.1	1	gcaaa14686edd166	20190102
3014	lv	15	5	7000	1.1	1	ddxgd15507gdg127	20190102
3015	lv	5	0	6100	4.1	1	dyayg14002axf130	20190102
3016	pinduoduo	15	3	1200	2.1	1	cheww14964hmy144	20190102
3017	pinduoduo	5	0	1900	1.2	2	mxwaz14561gwz149	20190102
3018	baojie	5	0	1100	3.1	1	fxmdf15218gha185	20190102
3019	maotai	15	6	6100	2.1	1	fychw14430zhg174	20190102
3020	chanel	15	6	1200	1.2	1	wmadc15275wcy186	20190102
3021	maotai	15	1	6100	1.2	1	mxwaz14561gwz149	20190102
3022	apple	15	4	3900	2.1	1	zchde14085gaf186	20190102
3023	xiaomi	5	0	8700	1.2	1	zdcay14283gyw186	20190102
3024	chanel	15	2	4900	2.2	1	zchde14085gaf186	20190102
3025	huawei	15	3	5500	1.2	1	xahza14508agy178	20190102
3026	jd	15	3	1600	2.1	1	wagdc15522zaz186	20190102
3027	xiaomi	5	0	8800	2.2	1	aefcd14877hfy173	20190102
3028	xiaomi	5	0	8800	1.1	2	mwhya14905ddc122	20190102
3029	baojie	5	0	1900	4.1	1	xhxge15732zyf141	20190102
3030	jd	15	3	9000	1.1	1	meywy14991exg125	20190102
3031	jd	5	0	8700	6.1	1	hhwyz15305dxe186	20190102
3032	chanel	15	3	1100	1.1	1	ywzxm14546wxa163	20190102
3033	chanel	5	0	4500	4.1	2	cfewd15597acy124	20190102
3034	maotai	15	6	3900	1.1	1	cwcdc14371cmf151	20190102
3035	chanel	15	6	2900	1.1	1	dgemh14427cdg163	20190102
3036	xiaomi	5	0	5500	4.1	1	fwwxe14474xac129	20190102
3037	baojie	15	4	1100	2.2	2	zgehd14165xmm126	20190102
3038	chanel	5	0	5500	2.1	2	gmxew15650xzf157	20190102
3039	apple	5	0	9100	6.1	1	hhwyz15305dxe186	20190102
3040	lv	5	0	6400	5.1	2	wmzye15532eah141	20190102
3041	microsoft	15	2	3900	1.1	1	wwzdm14028eem126	20190102
3042	xiaomi	15	5	8700	1.1	2	eahmm14662ffe124	20190102
3043	chanel	5	0	2900	2.1	1	cdyzm13892yec164	20190102
3044	maotai	5	0	2600	2.2	1	zgeyg14849czw151	20190102
3045	huawei	5	0	6100	1.1	2	dyayg14002axf130	20190102
3046	apple	15	2	7300	2.2	2	hmeaw14749fxf122	20190102
3047	lv	5	0	2900	1.1	2	ehmge15617ffg166	20190102
3048	lv	15	6	1100	1.2	1	fzhwz14373yyh117	20190102
3049	apple	15	2	7700	1.1	1	wdxmf14312mgc164	20190102
3050	lv	15	5	8700	1.1	1	mhdmy15572gag136	20190102
3051	microsoft	15	6	7300	1.1	1	damdx15339ygx130	20190102
3052	chanel	15	2	7700	1.2	1	azzxd15073xgw134	20190102
3053	huawei	5	0	9000	3.1	2	ahfdx15160cgz122	20190102
3054	huawei	15	4	3300	2.2	1	hyafa15699xxy131	20190102
3055	lv	5	0	2600	6.1	1	mcymw14321amm163	20190102
3056	maotai	15	6	1200	2.2	2	awhey14879fgw151	20190102
3057	microsoft	15	1	7900	2.1	2	waefm13951haz128	20190102
3058	apple	15	2	9200	2.1	1	fmyec14454eex137	20190102
3059	maotai	5	0	5800	1.1	2	xwmmg14227mxd180	20190102
3060	apple	5	0	8500	3.1	1	azzxd15073xgw134	20190102
3061	chanel	5	0	4200	2.1	1	dxhhx15812mah168	20190102
3062	huawei	5	0	1200	4.1	1	zggdd14992ehc134	20190102
3063	microsoft	15	1	1600	2.2	1	xwmmg14227mxd180	20190102
3064	apple	5	0	0000	2.2	1	cyhfc15811mye148	20190102
3065	jd	15	3	7700	2.2	2	hgyyw15404xag175	20190102
3066	baojie	5	0	5500	3.1	1	zwfcf15070hya173	20190102
3067	lv	5	0	2900	3.1	1	yzhhh15064ccf136	20190102
3068	lv	15	2	8800	2.1	1	mheac15549xyx151	20190102
3069	microsoft	5	0	6100	6.1	1	dxhhx15812mah168	20190102
3070	baojie	15	4	6500	2.2	1	mymge14078dmf150	20190102
3071	pinduoduo	15	5	8500	2.1	2	hzhaa14313awe150	20190102
3072	maotai	5	0	1000	1.1	1	wggwa15207fgw186	20190102
3073	pinduoduo	5	0	7900	1.1	1	yhmzd14707hyw133	20190102
3074	huawei	15	5	3600	2.2	2	xhdwg15616mad154	20190102
3075	lv	15	3	1900	2.2	1	gezzd15820hcf177	20190102
3076	apple	5	0	9200	1.2	1	zzgax15533cfg173	20190102
3077	apple	15	1	1000	1.2	1	cdgcy13976dam189	20190102
3078	microsoft	5	0	6100	2.2	2	xdeem14393wcw154	20190102
3079	chanel	15	4	4900	1.2	2	aygzf15797ghw167	20190102
3080	baojie	15	3	6500	1.2	2	dyxaa15827fzh122	20190102
3081	baojie	5	0	1900	2.1	1	afdyy15699xfd140	20190102
3082	xiaomi	5	0	6500	3.1	2	ehxhf15434zez136	20190102
3083	jd	15	3	0000	2.2	1	gygzf15213xdg163	20190102
3084	jd	15	1	2900	2.2	1	zhyxf14787zmx163	20190102
3085	chanel	5	0	3000	2.1	2	dyayg14002axf130	20190102
3086	jd	15	1	7300	2.2	2	aewcx14125gcd159	20190102
3087	chanel	5	0	6400	1.1	1	zgcze14674afc161	20190102
3088	xiaomi	5	0	6500	1.2	2	xygmf14706edg137	20190102
3089	maotai	15	1	8700	1.2	1	wwywz14687ayw122	20190102
3090	microsoft	5	0	3300	3.1	1	xcgzw15791fzc127	20190102
3091	microsoft	15	6	3900	2.2	1	eagca15094hca118	20190102
3092	maotai	5	0	0000	2.2	1	ewdmw14288dex174	20190102
3093	baojie	5	0	8700	5.1	1	ahwmy14960czy137	20190102
3094	pinduoduo	15	4	2400	2.2	1	mxxza14592adz135	20190102
3095	lv	15	2	1100	2.2	1	hwcwa14121gzg179	20190102
3096	chanel	15	6	2600	2.2	2	gfxzx15073hzx131	20190102
3097	chanel	15	2	2200	1.1	1	fmwmd13816amg180	20190102
3098	pinduoduo	15	3	8200	2.2	1	whwmz15537gmz187	20190102
3099	xiaomi	15	6	2600	1.2	1	mchzy14177efd177	20190102
3100	microsoft	15	6	9200	2.1	1	xhdwg15616mad154	20190102
3101	xiaomi	5	0	2400	3.1	2	fhyzh14763fyw141	20190102
3102	pinduoduo	5	0	6400	1.1	1	xhdwg15616mad154	20190102
3103	huawei	5	0	1000	4.1	1	cexcf15521mgx171	20190102
3104	chanel	5	0	8800	2.1	2	zhyxf14787zmx163	20190102
3105	chanel	5	0	1000	1.1	2	xyfyz14347zxf150	20190102
3106	chanel	15	1	2900	1.1	2	ddydm15305ege184	20190102
3107	maotai	5	0	7300	2.1	1	hyfdf14719acf121	20190102
3108	apple	15	6	2400	1.2	1	exaeh15269edm140	20190102
3109	lv	5	0	5200	5.1	2	xhxge15732zyf141	20190102
3110	pinduoduo	5	0	8700	2.1	1	dyxch14175yaf154	20190102
3111	huawei	15	2	1200	2.1	1	afdyy15699xfd140	20190102
3112	baojie	5	0	6100	2.2	1	hmaww14851eyd192	20190102
3113	microsoft	5	0	2900	2.2	2	dxhhx15812mah168	20190102
3114	microsoft	5	0	3300	2.2	1	xhgmh14890dzx181	20190102
3115	huawei	15	6	4200	2.1	1	ehmge15617ffg166	20190102
3116	lv	15	4	1900	1.2	1	eahmm14662ffe124	20190102
3117	microsoft	5	0	8700	5.1	1	azhwg14471acf119	20190102
3118	huawei	5	0	2200	2.2	1	chfcd15281azx176	20190102
3119	chanel	5	0	1200	3.1	1	mcymw14321amm163	20190102
3120	chanel	5	0	9100	1.1	2	gadea14137hdg130	20190102
3121	apple	15	1	1000	2.2	1	hxmdz14570way192	20190102
3122	huawei	15	1	1600	1.1	2	ccmhh15288xgw174	20190102
3123	baojie	15	2	2200	1.2	1	ezadg13934dyx117	20190102
3124	lv	5	0	9100	2.1	2	axdyw14390cxg147	20190102
3125	chanel	15	5	1000	2.1	2	gfawz14258fhe158	20190102
3126	apple	15	1	1600	1.2	1	ewccm15306aae152	20190102
3127	apple	15	5	3900	2.2	1	zedgw14620ccx129	20190102
3128	xiaomi	5	0	2600	3.1	1	dzxxc14168cxw133	20190102
3129	lv	5	0	3900	2.2	1	zcaah14356xyf139	20190102
3130	huawei	5	0	8500	3.1	1	ghmgf14888cgy150	20190102
3131	huawei	15	5	1900	1.1	1	dxmxy14224dew193	20190102
3132	xiaomi	5	0	3000	1.2	1	hxmdx15784cgf181	20190102
3133	apple	5	0	0000	1.1	2	ygxgx14727hgg180	20190102
3134	huawei	15	5	8200	2.2	1	hxwgg14255exm158	20190102
3135	chanel	5	0	6400	6.1	1	dxmxy14224dew193	20190102
3136	maotai	5	0	7700	2.2	2	gwfyh14649wzf179	20190102
3137	lv	15	6	9100	2.1	1	cdgcy13976dam189	20190102
3138	chanel	15	4	3000	2.2	1	gfcaz14775mah139	20190102
3139	microsoft	5	0	4500	1.2	2	fhyzh14763fyw141	20190102
3140	maotai	5	0	4900	6.1	1	gxdxa14388zhd155	20190102
3141	lv	5	0	3900	5.1	1	ahwmy14960czy137	20190102
3142	pinduoduo	5	0	6400	1.2	1	zacmm15234hcz178	20190102
3143	huawei	5	0	8200	1.1	1	dxmxy14224dew193	20190102
3144	microsoft	15	2	1200	1.1	2	yyfzx14455ycz167	20190102
3145	huawei	15	4	8200	1.2	1	mchzy14177efd177	20190102
3146	maotai	5	0	1100	1.1	1	zwdaa13881whw190	20190102
3147	huawei	15	4	8800	2.1	2	ydmyg14043axw122	20190102
3148	huawei	15	4	7900	2.1	1	xamye14478wmx135	20190102
3149	baojie	15	6	7900	1.1	1	xwmmg14227mxd180	20190102
3150	chanel	5	0	2900	6.1	1	cxwwy15817xeg185	20190102
3151	huawei	5	0	1000	1.2	1	zgehd14165xmm126	20190102
3152	baojie	15	2	1900	1.1	1	zmhxx14132wyz132	20190102
3153	chanel	5	0	5800	2.1	1	ezadg13934dyx117	20190102
3154	huawei	15	1	8800	1.2	1	hyafa15699xxy131	20190102
3155	baojie	15	4	6400	2.1	1	zdcay14283gyw186	20190102
3156	xiaomi	15	3	4200	2.1	1	xfgym15000ezd135	20190102
3157	maotai	5	0	7300	4.1	1	hczge15523mxg151	20190102
3158	microsoft	5	0	4500	1.2	1	faheg14272mcm172	20190102
3159	pinduoduo	5	0	9200	4.1	1	aaaac15759fdy189	20190102
3160	lv	15	3	2400	2.1	2	ecwhc13891fmw190	20190102
3161	huawei	5	0	8500	1.2	2	dzeaz15490emm162	20190102
3162	baojie	5	0	8200	2.1	1	yyadf13927zhm151	20190102
3163	pinduoduo	15	2	8700	1.2	2	mfdxm14736dyx125	20190102
3164	apple	15	5	4900	1.2	1	xcxcz14202fhx179	20190102
3165	microsoft	15	2	4200	2.2	2	eawyc14849hdz179	20190102
3166	xiaomi	5	0	6500	1.1	1	dchea14210fgy181	20190102
3167	pinduoduo	15	1	6500	1.2	1	gygzf15213xdg163	20190102
3168	maotai	5	0	4200	1.1	1	exxcg15770hcm157	20190102
3169	baojie	15	6	3000	1.1	1	cwawd14617xdx139	20190102
3170	baojie	15	5	8500	1.1	2	wgmgw14864czd158	20190102
3171	chanel	5	0	3600	2.1	1	zmmxe14195yaa139	20190102
3172	chanel	15	4	7700	1.1	2	xghay15719eeg127	20190102
3173	chanel	5	0	6100	3.1	2	gfawz14258fhe158	20190102
3174	baojie	5	0	4200	5.1	2	ccxed14678hyz180	20190102
3175	baojie	15	1	5800	1.1	1	aaade15247hfd145	20190102
3176	lv	15	2	3600	2.1	1	wfadm15144mmm164	20190102
3177	xiaomi	15	4	3900	2.1	1	waefm13951haz128	20190102
3178	microsoft	5	0	6500	3.1	1	fzmhx14382deg151	20190102
3179	jd	15	3	7900	2.1	1	aygzf15797ghw167	20190102
3180	apple	5	0	8800	4.1	1	dmwfg15473zfh173	20190102
3181	lv	15	1	6100	2.1	1	ehdmz14565gyg150	20190102
3182	baojie	5	0	2900	3.1	1	dxgcy15590acf144	20190102
3183	lv	15	1	5500	2.1	2	adddz13838haz128	20190102
3184	lv	5	0	7900	1.1	1	fhdfm14334yxe146	20190102
3185	chanel	5	0	8200	4.1	1	zcaah14356xyf139	20190102
3186	microsoft	5	0	5200	1.1	2	axdyw14390cxg147	20190102
3187	huawei	15	2	6100	1.1	1	waayh15460dxz126	20190102
3188	jd	15	3	3900	1.2	1	hxxff13797cxe151	20190102
3189	lv	15	4	7000	1.1	1	hghmf14684xmx124	20190102
3190	maotai	15	6	6500	2.1	1	ygaya14740ezg163	20190102
3191	xiaomi	5	0	7900	5.1	1	agdzh14294ffy163	20190102
3192	xiaomi	5	0	8800	1.2	2	fyhmd15090ywg155	20190102
3193	maotai	5	0	5500	4.1	1	agdzh14294ffy163	20190102
3194	chanel	15	1	2200	2.1	1	zfyfz13955yhz129	20190102
3195	xiaomi	15	2	6100	2.1	1	ehdmz14565gyg150	20190102
3196	jd	15	2	7900	1.1	1	meywy14991exg125	20190102
3197	apple	5	0	9100	6.1	2	eagca15094hca118	20190102
3198	lv	5	0	8500	1.1	2	dgdmx14580aeh176	20190102
3199	maotai	5	0	0000	3.1	1	gezzd15820hcf177	20190102
3200	microsoft	5	0	1000	2.1	1	mfdya15476fme184	20190102
3201	pinduoduo	5	0	6500	6.1	1	awaze15666dxz122	20190102
3202	maotai	15	5	7300	1.2	1	cfgmw13947dex168	20190102
3203	apple	5	0	3900	4.1	1	fwafg13984zey165	20190102
3204	chanel	15	5	8700	2.2	1	cymhm14132amd150	20190102
3205	pinduoduo	15	6	9000	2.2	1	aefcd14877hfy173	20190102
3206	pinduoduo	5	0	5200	6.1	2	zazcd15387fhh148	20190102
3207	pinduoduo	5	0	2400	2.2	2	dxhhx15812mah168	20190102
3208	apple	15	5	4500	1.2	1	ahgag15216yzy182	20190102
3209	baojie	15	5	3600	2.1	2	ezadg13934dyx117	20190102
3210	apple	15	6	7700	1.1	1	xgmcm13969hfg169	20190102
3211	chanel	5	0	3300	6.1	1	fmcyc15279gde178	20190102
3212	xiaomi	15	4	1600	2.1	1	aeyfa14067dzg164	20190102
3213	huawei	15	3	4900	2.2	1	zdcay14283gyw186	20190102
3214	chanel	5	0	6100	6.1	2	dhwgf15310ayf184	20190102
3215	microsoft	5	0	3900	5.1	2	mchzy14177efd177	20190102
3216	jd	15	3	2900	2.2	1	dhgfe14725dmz182	20190102
3217	lv	15	3	4900	1.1	1	wdxmf14312mgc164	20190102
3218	xiaomi	5	0	6400	1.1	1	emaxc15409zxz139	20190102
3219	pinduoduo	5	0	1000	1.1	1	yfyga15026waw155	20190102
3220	maotai	5	0	2400	1.2	1	hmaww14851eyd192	20190102
3221	apple	5	0	5800	2.2	1	xfecy15280zdc167	20190102
3222	chanel	5	0	4200	2.1	1	fegcg14829wdc143	20190102
3223	huawei	5	0	2200	5.1	1	wdcxe15195czh186	20190102
3224	apple	15	1	2600	1.2	1	dgwxy13855cyc181	20190102
3225	huawei	15	3	5200	2.1	2	waefm13951haz128	20190102
3226	microsoft	5	0	3900	4.1	1	fgxde14859fxh131	20190102
3227	chanel	5	0	2900	6.1	1	wdcxe15195czh186	20190102
3228	lv	5	0	1100	2.2	2	cezyc14395cme147	20190102
3229	apple	15	2	0000	1.1	2	awaze15666dxz122	20190102
3230	chanel	15	4	6500	1.2	2	fhzgz15643axh134	20190102
3231	microsoft	15	3	5800	2.2	1	cfewd15597acy124	20190102
3232	pinduoduo	5	0	4200	1.2	1	mwcfz14110wfc192	20190102
3233	xiaomi	5	0	6500	1.2	1	hhama14411mfx120	20190102
3234	pinduoduo	5	0	9000	5.1	1	amagx13889cgc189	20190102
3235	pinduoduo	15	3	9100	1.2	1	dxmxy14224dew193	20190102
3236	xiaomi	15	1	7900	2.1	1	fczdc14471hzm122	20190102
3237	jd	15	4	8700	1.2	1	wdxmf14312mgc164	20190102
3238	jd	15	3	8700	1.2	2	yyfzx14455ycz167	20190102
3239	microsoft	15	6	2900	2.2	1	aaaac15759fdy189	20190102
3240	baojie	15	2	8200	1.2	1	dxgcy15590acf144	20190102
3241	chanel	15	6	1000	1.2	2	cdgcy13976dam189	20190102
3242	huawei	15	3	8500	2.2	1	mmwey14069aag171	20190102
3243	lv	15	3	6500	1.2	1	ehdmz14565gyg150	20190102
3244	apple	15	6	1900	1.1	1	dfggw14795xex117	20190102
3245	huawei	5	0	7700	3.1	1	xahza14508agy178	20190102
3246	maotai	15	1	6100	2.1	1	dmwhz14974hwf124	20190102
3247	jd	15	4	6500	1.1	2	hxmdz14570way192	20190102
3248	maotai	15	4	3900	2.1	1	hzcmz14469cdh176	20190102
3249	maotai	5	0	1000	5.1	2	dcgwa15297yxd143	20190102
3250	chanel	15	4	1200	1.2	2	eeamx15505xmx148	20190102
3251	maotai	15	6	2600	2.2	1	ahfdx15160cgz122	20190102
3252	baojie	5	0	8700	2.1	1	fxzym14108ewz123	20190102
3253	microsoft	5	0	3300	1.1	1	yfyga15026waw155	20190102
3254	apple	15	2	5800	1.1	2	emmag14779ddx183	20190102
3255	apple	5	0	4900	5.1	1	wwzdm14028eem126	20190102
3256	xiaomi	15	1	9100	2.1	1	fxhxe15152hae177	20190102
3257	lv	5	0	2900	5.1	1	yezem14423gxa142	20190102
3258	microsoft	15	2	3600	1.2	1	mwhya14905ddc122	20190102
3259	microsoft	15	1	5200	1.1	1	mcymw14321amm163	20190102
3260	chanel	15	4	7000	2.1	1	cczgg14007dff195	20190102
3261	jd	15	4	8500	1.1	1	dcgwa15297yxd143	20190102
3262	xiaomi	15	6	2600	2.1	1	gedxf14742cfm157	20190102
3263	maotai	5	0	6500	2.1	1	cfewd15597acy124	20190102
3264	pinduoduo	5	0	8700	2.1	2	zhxhc15195gww194	20190102
3265	baojie	5	0	6500	2.1	2	eagca15094hca118	20190102
3266	microsoft	5	0	8500	1.2	1	gxdxa14388zhd155	20190102
3267	huawei	5	0	2600	2.2	1	ezadg13934dyx117	20190102
3268	jd	5	0	2900	2.1	1	fgycz14062egx120	20190102
3269	lv	15	3	6500	1.1	1	dzeaz15490emm162	20190102
3270	pinduoduo	5	0	5500	5.1	1	zefhf15282yyc164	20190102
3271	pinduoduo	5	0	8200	4.1	1	gzfem15566dme143	20190102
3272	xiaomi	5	0	3000	1.1	1	xzzwa14390zme134	20190102
3273	jd	15	3	1200	1.2	2	dxmxy14224dew193	20190102
3274	chanel	5	0	3300	3.1	1	ahdde14627hzm163	20190102
3275	lv	15	2	7300	2.2	2	dcfhy15484mec158	20190102
3276	apple	5	0	5800	4.1	1	wwwyh15033cxm163	20190102
3277	jd	15	4	9200	2.1	2	aaade15247hfd145	20190102
3278	lv	5	0	6400	2.2	1	hyfay14192mmx155	20190102
3279	apple	15	4	8800	1.2	1	wdcxe15195czh186	20190102
3280	maotai	5	0	1000	2.1	1	egzez14761ccx172	20190102
3281	xiaomi	5	0	8500	3.1	1	wwzdm14028eem126	20190102
3282	chanel	15	5	2400	2.1	2	hxxyf15786yfz193	20190102
3283	pinduoduo	15	4	9000	1.2	2	zdcay14283gyw186	20190102
3284	huawei	5	0	6500	5.1	1	wyzxz14950xfm181	20190102
3285	baojie	5	0	5800	2.1	1	agdzh14294ffy163	20190102
3286	jd	5	0	3900	2.1	2	cwcdc14371cmf151	20190102
3287	microsoft	5	0	3600	6.1	2	xahza14508agy178	20190102
3288	apple	5	0	7700	6.1	2	dmwhz14974hwf124	20190102
3289	apple	5	0	8200	4.1	1	aaade15247hfd145	20190102
3290	chanel	15	2	6400	1.1	2	aewzg14910azz170	20190102
3291	chanel	5	0	3000	2.1	2	dyayg14002axf130	20190102
3292	baojie	5	0	1900	3.1	1	gedxf14742cfm157	20190102
3293	apple	5	0	6500	2.2	1	afdyy15699xfd140	20190102
3294	lv	15	2	1100	1.2	1	fcwwh15371eec130	20190102
3295	baojie	5	0	8500	2.1	2	zcaah14356xyf139	20190102
3296	xiaomi	15	6	4200	2.2	1	mhxdg15485ezy148	20190102
3297	microsoft	15	1	9100	1.2	2	zdcay14283gyw186	20190102
3298	huawei	15	3	5500	1.1	2	xaweg15387ffw120	20190102
3299	microsoft	15	4	1900	2.2	1	wdwyx15788ywm130	20190102
3300	jd	15	6	3600	1.2	1	gzemy15382wgm147	20190102
3301	maotai	15	6	2200	2.1	2	fhyzh14763fyw141	20190102
3302	chanel	5	0	4500	2.2	1	wagdc15522zaz186	20190102
3303	huawei	15	4	5800	1.1	1	fmcyc15279gde178	20190102
3304	maotai	15	5	8500	2.1	2	fcgdx13936hce173	20190102
3305	chanel	5	0	2600	4.1	1	awaze15666dxz122	20190102
3306	apple	15	5	4200	1.1	2	ywwhg14494ehx169	20190102
3307	microsoft	15	1	6400	2.1	1	ahwmy14960czy137	20190102
3308	microsoft	15	1	3900	1.2	1	hzwme15279xyx161	20190102
3309	chanel	5	0	1000	3.1	1	wgyed14822dfd179	20190102
3310	huawei	15	3	6500	1.2	2	emmag14779ddx183	20190102
3311	pinduoduo	15	6	2200	2.1	1	hxmdz14570way192	20190102
3312	lv	5	0	9000	5.1	1	xcgdm15542hfh118	20190102
3313	baojie	15	2	2900	1.1	1	wwywz14687ayw122	20190102
3314	jd	15	2	4900	2.2	1	aheef15156emy158	20190102
3315	baojie	5	0	8800	1.2	1	mfdxm14736dyx125	20190102
3316	jd	5	0	2600	5.1	1	cydgh15682cdm148	20190102
3317	jd	5	0	2900	4.1	1	eagca15094hca118	20190102
3318	pinduoduo	5	0	6500	1.2	1	egzze15004mgg185	20190102
3319	pinduoduo	15	3	6400	2.2	2	aaade15247hfd145	20190102
3320	microsoft	15	4	6400	2.1	2	yfexm14230cax155	20190102
3321	microsoft	5	0	4200	4.1	1	waefm13951haz128	20190102
3322	baojie	5	0	1000	3.1	1	fgxde14859fxh131	20190102
3323	huawei	5	0	4500	4.1	1	hzhaa14313awe150	20190102
3324	chanel	15	3	6500	1.2	1	axdfa15717dcw183	20190102
3325	huawei	15	4	3000	1.2	1	fhyzh14763fyw141	20190102
3326	microsoft	5	0	8800	1.1	1	dwzxg14018gmx169	20190102
3327	huawei	5	0	1600	3.1	1	ydmyg14043axw122	20190102
3328	jd	5	0	3600	1.2	2	mycge14785mfz131	20190102
3329	microsoft	15	6	6100	1.1	2	ehmge15617ffg166	20190102
3330	pinduoduo	15	5	6100	2.2	1	fwczf14621haz188	20190102
3331	baojie	5	0	1100	3.1	1	gygzf15213xdg163	20190102
3332	jd	5	0	5800	2.1	1	gwgxm15116dfw186	20190102
3333	pinduoduo	5	0	5500	1.1	1	wacgm15479xxc160	20190102
3334	jd	15	6	3300	2.2	1	dhmfe15567yey122	20190102
3335	baojie	5	0	1000	2.1	1	yfyga15026waw155	20190102
3336	chanel	15	4	9000	1.1	1	mhdmh15260edy145	20190102
3337	xiaomi	5	0	3300	4.1	1	wdxmf14312mgc164	20190102
3338	apple	15	1	6100	1.2	1	agxfe14230fza195	20190102
3339	microsoft	5	0	2200	2.2	1	xxzdx15638axx132	20190102
3340	baojie	15	4	7300	2.1	1	fdgyg15342gay125	20190102
3341	jd	5	0	7300	4.1	1	ydmyg14043axw122	20190102
3342	jd	5	0	5800	5.1	1	cdewg13908dhf117	20190102
3343	xiaomi	5	0	1200	1.2	1	azhwg14471acf119	20190102
3344	baojie	15	6	4200	1.1	2	gfcaz14775mah139	20190102
3345	baojie	5	0	2400	2.1	2	fmcyc15279gde178	20190102
3346	maotai	5	0	4200	2.2	2	ywzxm14546wxa163	20190102
3347	microsoft	15	5	9000	2.2	1	xchhg13898wmm163	20190102
3348	microsoft	15	4	6400	1.1	1	emaxc15409zxz139	20190102
3349	microsoft	5	0	6500	1.2	2	fmcyc15279gde178	20190102
3350	lv	15	4	3900	2.1	1	zhyxf14787zmx163	20190102
3351	chanel	5	0	6500	2.1	1	dgemh14427cdg163	20190102
3352	microsoft	15	1	1600	2.1	1	gzmhh14450gdd133	20190102
3353	jd	15	4	4500	1.2	2	czgwz15052zfw174	20190102
3354	microsoft	15	5	1600	2.2	2	aexwf13807ycg174	20190102
3355	microsoft	5	0	1000	6.1	1	gfawz14258fhe158	20190102
3356	lv	15	1	7900	2.2	2	egzhy15174ffx135	20190102
3357	pinduoduo	5	0	0000	5.1	1	wgyed14822dfd179	20190102
3358	jd	15	5	8200	1.1	1	xcgdm15542hfh118	20190102
3359	pinduoduo	5	0	6400	3.1	2	gygzf15213xdg163	20190102
3360	apple	5	0	7000	6.1	1	gdxyh14733cye129	20190102
3361	baojie	5	0	1100	4.1	1	hczge15523mxg151	20190102
3362	maotai	5	0	6500	1.1	1	xzmhz14093yxh166	20190102
3363	huawei	15	6	1000	2.2	2	ezadg13934dyx117	20190102
3364	apple	15	5	4200	1.1	1	cdwhg14225aaw140	20190102
3365	xiaomi	15	3	3300	2.1	2	ydmyg14043axw122	20190102
3366	maotai	15	2	1900	2.1	1	mgmcz14721hmx191	20190102
3367	lv	5	0	7700	1.1	2	cazmf15539dfg169	20190102
3368	baojie	15	2	8800	2.1	1	ezwch13893fdx148	20190102
3369	xiaomi	5	0	1000	5.1	1	cdcyy15516ecx165	20190102
3370	lv	15	2	8500	1.1	2	cdwwm14702cey140	20190102
3371	huawei	15	3	6500	2.2	2	ehmge15617ffg166	20190102
3372	xiaomi	15	6	1100	1.1	1	gedxf14742cfm157	20190102
3373	apple	15	6	9000	2.1	2	afdyy15699xfd140	20190102
3374	huawei	15	2	7700	1.1	2	xffhd15798mhg189	20190102
3375	baojie	5	0	6100	2.2	2	hhwyz15305dxe186	20190102
3376	huawei	5	0	4900	2.2	1	zchde14085gaf186	20190102
3377	xiaomi	15	2	9000	1.1	1	waefm13951haz128	20190102
3378	apple	15	3	1000	1.1	2	gwygh14746wdd123	20190102
3379	maotai	15	4	9000	1.1	1	aaaac15759fdy189	20190102
3380	xiaomi	5	0	9200	6.1	1	fafyw14852cwc179	20190102
3381	baojie	5	0	6400	1.1	1	zaydz14953wdc146	20190102
3382	pinduoduo	5	0	3300	2.1	1	hxxyf15786yfz193	20190102
3383	xiaomi	5	0	1900	1.1	2	hchgx15173wxe120	20190102
3384	jd	15	2	8800	1.1	2	zxgea15024hdd121	20190102
3385	lv	15	5	2900	2.1	2	whyfe15297hfw176	20190102
3386	apple	15	5	5200	1.2	1	yfham14784zcc191	20190102
3387	lv	15	6	7900	1.2	1	aaaac15759fdy189	20190102
3388	apple	15	4	1200	2.2	1	fgycz14062egx120	20190102
3389	jd	15	2	4200	1.2	2	dyayg14002axf130	20190102
3390	microsoft	5	0	8700	4.1	2	cheww14964hmy144	20190102
3391	apple	15	3	1000	1.2	1	mchzy14177efd177	20190102
3392	xiaomi	15	5	7900	2.1	1	zezze13846xym142	20190102
3393	baojie	15	5	5200	1.2	2	hzhaa14313awe150	20190102
3394	baojie	5	0	3000	2.2	1	aaeyh15496xcg145	20190102
3395	xiaomi	15	6	8800	1.1	2	yyywm14475hmw154	20190102
3396	baojie	15	6	4200	1.2	2	ggxyc15659xfh134	20190102
3397	pinduoduo	5	0	8500	1.2	1	dxhhx15812mah168	20190102
3398	baojie	5	0	3000	3.1	2	ymafe14775aam181	20190102
3399	baojie	15	4	7300	1.1	1	adddz13838haz128	20190102
3400	apple	15	3	8700	1.1	1	hfgaw14981wfc122	20190102
3401	chanel	15	3	3600	2.1	1	gazwc15044gmx178	20190102
3402	jd	15	2	3300	1.2	1	efdmh14256eae178	20190102
3403	pinduoduo	5	0	2600	4.1	1	cdyzm13892yec164	20190102
3404	apple	15	6	7700	1.2	1	zxhhz15515dcy178	20190102
3405	maotai	5	0	8500	6.1	1	yzhhh15064ccf136	20190102
3406	xiaomi	5	0	1200	5.1	1	xaxgw15522hez128	20190102
3407	chanel	5	0	3300	1.2	2	cazmf15539dfg169	20190102
3408	microsoft	5	0	2400	2.1	2	ggxyc15659xfh134	20190102
3409	baojie	5	0	1000	2.1	1	fgyff15794fch148	20190102
3410	microsoft	15	2	3600	1.2	2	gwfyh14649wzf179	20190102
3411	pinduoduo	5	0	3900	6.1	2	gcaaa14686edd166	20190102
3412	huawei	15	3	4200	1.1	1	dwhzm15824fac130	20190102
3413	apple	15	1	7900	2.1	1	fychw14430zhg174	20190102
3414	xiaomi	5	0	1900	1.2	1	cwzee14140wze162	20190102
3415	chanel	5	0	7000	1.1	1	fmcyc15279gde178	20190102
3416	microsoft	5	0	8500	5.1	1	eehze14815xmh156	20190102
3417	huawei	5	0	9100	6.1	2	cexcf15521mgx171	20190102
3418	chanel	15	1	2400	2.1	2	ecwhc13891fmw190	20190102
3419	huawei	15	4	0000	1.2	2	damdx15339ygx130	20190102
3420	pinduoduo	5	0	7900	2.1	1	fecyf13999ahh166	20190102
3421	baojie	5	0	6500	3.1	1	wwzdm14028eem126	20190102
3422	microsoft	15	4	1100	2.1	1	zewew14847gwx143	20190102
3423	lv	15	4	1000	2.1	1	cfewd15597acy124	20190102
3424	lv	15	1	5200	2.1	1	gwewc14064xew166	20190102
3425	pinduoduo	15	6	7900	1.2	1	xchhg13898wmm163	20190102
3426	jd	15	3	2400	1.2	1	zwdwg15548ghx147	20190102
3427	microsoft	15	3	9000	1.1	2	aygzf15797ghw167	20190102
3428	lv	5	0	3300	2.1	1	yahaw14903acy147	20190102
3429	pinduoduo	15	4	2600	1.1	1	fhyzh14763fyw141	20190102
3430	jd	5	0	7900	1.1	1	hzwme15279xyx161	20190102
3431	maotai	5	0	7300	4.1	1	cwawd14617xdx139	20190102
3432	huawei	5	0	6400	4.1	1	xwzfy15453cgg119	20190102
3433	huawei	5	0	0000	1.1	1	aefcd14877hfy173	20190102
3434	jd	5	0	9200	6.1	1	mdxfa14947wma175	20190102
3435	pinduoduo	5	0	0000	6.1	2	cdgcy13976dam189	20190102
3436	jd	5	0	8800	1.1	2	xmfed15717ezx143	20190102
3437	baojie	5	0	6100	1.1	1	zgcze14674afc161	20190102
3438	huawei	5	0	3600	4.1	1	zyxda15787ehc127	20190102
3439	maotai	15	4	3600	1.2	1	mchzy14177efd177	20190102
3440	maotai	15	4	8200	1.1	1	ycwfx14649mze125	20190102
3441	lv	5	0	7900	6.1	2	aaaac15759fdy189	20190102
3442	apple	5	0	6400	6.1	1	dmfae15666dxz125	20190102
3443	huawei	15	4	5500	2.1	2	cdwzy14325zhd186	20190102
3444	baojie	15	5	7300	2.1	1	deecf15293dgh190	20190102
3445	apple	5	0	4900	2.2	1	eawyc14849hdz179	20190102
3446	pinduoduo	5	0	1900	2.2	2	faaam14634mgm167	20190102
3447	maotai	5	0	6500	5.1	2	hghmf14684xmx124	20190102
3448	apple	5	0	8800	1.2	2	zfhyz14128gwe188	20190102
3449	pinduoduo	5	0	6500	1.1	1	cdyzm13892yec164	20190102
3450	jd	15	1	6400	2.1	2	wmccx14677mxw177	20190102
3451	apple	15	1	3900	1.2	2	xyfyz14347zxf150	20190102
3452	maotai	5	0	7000	2.1	2	efgwg15677yfw176	20190102
3453	pinduoduo	15	3	6100	1.1	2	dyayg14002axf130	20190102
3454	jd	5	0	8200	2.2	1	dmfhz14608chm192	20190102
3455	huawei	15	3	9000	1.1	1	yezem14423gxa142	20190102
3456	apple	5	0	8200	5.1	1	wfefx15171wxx136	20190102
3457	baojie	15	3	3600	2.2	2	ahwmy14960czy137	20190102
3458	lv	15	1	7900	1.2	1	hghym15130wah154	20190102
3459	huawei	5	0	6500	2.2	1	whyfe15297hfw176	20190102
3460	baojie	15	2	4500	1.2	1	hmxac13832xxx119	20190102
3461	chanel	5	0	5800	1.2	1	zgcze14674afc161	20190102
3462	microsoft	15	5	0000	1.1	1	gcaza14150xzg149	20190102
3463	baojie	15	3	8800	1.1	2	dzzgm14017egh121	20190102
3464	jd	5	0	5200	2.2	2	cxgdz15159gww139	20190102
3465	jd	5	0	7900	2.1	2	ehdmz14565gyg150	20190102
3466	lv	5	0	2600	1.1	1	fxmdf15218gha185	20190102
3467	apple	15	3	3300	2.1	2	gfawz14258fhe158	20190102
3468	apple	15	2	1100	1.2	2	yydgy14974ayx146	20190102
3469	pinduoduo	5	0	8700	5.1	2	fhyzh14763fyw141	20190102
3470	pinduoduo	15	5	8700	2.2	1	dhwgf15310ayf184	20190102
3471	lv	15	2	0000	1.1	2	cdwzy14325zhd186	20190102
3472	chanel	15	1	2200	1.1	1	yffgf14995xyg130	20190102
3473	lv	5	0	4200	6.1	1	fwafg13984zey165	20190102
3474	chanel	5	0	2600	5.1	1	ggche14913fam171	20190102
3475	lv	5	0	3900	3.1	2	cwawd14617xdx139	20190102
3476	microsoft	5	0	1200	2.2	1	xmfed15717ezx143	20190102
3477	lv	5	0	7900	2.2	1	zcaah14356xyf139	20190102
3478	pinduoduo	15	3	8200	2.2	2	yafdx15439xgh195	20190102
3479	lv	15	1	7300	1.2	1	zcaah14356xyf139	20190102
3480	microsoft	15	3	3000	1.1	2	gwygh14746wdd123	20190102
3481	baojie	5	0	3000	1.2	1	hhwyz15305dxe186	20190102
3482	xiaomi	15	3	4900	1.1	2	wmccx14677mxw177	20190102
3483	apple	5	0	7000	1.2	1	awaze15666dxz122	20190102
3484	chanel	15	6	3000	2.1	1	ddydm15305ege184	20190102
3485	baojie	15	3	2600	1.2	1	gzfem15566dme143	20190102
3486	pinduoduo	5	0	4500	5.1	1	emaxc15409zxz139	20190102
3487	lv	15	1	9100	1.1	1	ahfdx15160cgz122	20190102
3488	maotai	15	2	9200	1.1	1	xcxcz14202fhx179	20190102
3489	apple	15	4	7700	2.2	1	hghmf14684xmx124	20190102
3490	chanel	15	1	1200	1.2	2	yafgc15695cyy123	20190102
3491	baojie	5	0	1200	3.1	1	dyayg14002axf130	20190102
3492	lv	5	0	6100	6.1	2	yhadf13819gyy130	20190102
3493	microsoft	5	0	4200	2.2	1	zmmxe14195yaa139	20190102
3494	jd	15	4	7300	2.2	1	hwwcf14609caf127	20190102
3495	chanel	15	4	8200	1.1	1	cdcyy15516ecx165	20190102
3496	baojie	5	0	3300	2.2	1	mycge14785mfz131	20190102
3497	xiaomi	15	1	4500	2.2	1	hzhaa14313awe150	20190102
3498	baojie	5	0	1600	4.1	2	wyzxz14950xfm181	20190102
3499	baojie	5	0	6400	4.1	1	ahgcx13839gdw123	20190102
