20190107	0000	26	6
20190107	1000	20	13
20190107	1100	23	14
20190107	1200	26	16
20190107	1600	21	9
20190107	1900	20	11
20190107	2200	24	7
20190107	2400	32	15
20190107	2600	39	16
20190107	2900	29	16
20190107	3000	27	9
20190107	3300	24	18
20190107	3600	25	12
20190107	3900	30	12
20190107	4200	35	13
20190107	4500	35	10
20190107	4900	20	16
20190107	5200	28	17
20190107	5500	30	12
20190107	5800	25	13
20190107	6100	39	16
20190107	6400	24	17
20190107	6500	58	23
20190107	7000	23	17
20190107	7300	30	8
20190107	7700	27	7
20190107	7900	21	14
20190107	8200	24	13
20190107	8500	28	12
20190107	8700	25	16
20190107	8800	25	14
20190107	9000	23	12
20190107	9100	26	17
20190107	9200	32	15
